listing_id,high,medium,low
7142618,0.028,0.431,0.541
7210040,0.259,0.294,0.447
7103890,0.017,0.121,0.862
7143442,0.053,0.34,0.607
6860601,0.018,0.271,0.711
6840081,0.005,0.059,0.936
6922337,0.02,0.328,0.652
6913616,0.133,0.443,0.424
6937820,0.044,0.143,0.813
6893933,0.01,0.301,0.689
6832604,0.01,0.049,0.941
6915282,0.0545,0.3705,0.575
7127565,0.105,0.2855,0.6095
6827899,0.003,0.041,0.956
6934855,0.004,0.027,0.969
6861826,0.035,0.25,0.715
6871643,0.075,0.279,0.646
6842542,0.003,0.051,0.946
6934145,0.014,0.0455,0.9405
6829365,0.11216666666666665,0.38066666666666665,0.5071666666666667
7167858,0.026,0.082,0.892
6859483,0.016,0.215,0.769
6861377,0.071,0.22,0.709
6848960,0.094,0.338,0.568
6918850,0.002,0.058,0.94
6916867,0.102,0.599,0.299
6895840,0.0435,0.197,0.7595
6813539,0.2776666666666666,0.4633333333333333,0.259
7116900,0.13,0.313,0.557
6890328,0.1363333333333333,0.18683333333333335,0.6768333333333334
6879406,0.195,0.249,0.556
6824924,0.09,0.327,0.583
6911302,0.009,0.023,0.968
6918742,0.07,0.823,0.107
6910586,0.033,0.192,0.775
6821750,0.093,0.272,0.635
6860647,0.041,0.711,0.248
6932873,0.121,0.528,0.351
6846053,0.001,0.058,0.941
6940365,0.101,0.244,0.655
6931867,0.039,0.193,0.768
6876383,0.076,0.137,0.787
6910980,0.074,0.269,0.657
6880877,0.085,0.281,0.634
6839552,0.059,0.589,0.352
6838051,0.25,0.406,0.344
6928201,0.518,0.281,0.201
6945608,0.082,0.674,0.244
6816147,0.061,0.299,0.64
6868129,0.043,0.334,0.623
6849448,0.0325,0.132,0.8355
7113677,0.17301666666666665,0.5717333333333333,0.25525
6930856,0.009,0.079,0.912
6889594,0.059,0.235,0.706
6842682,0.04,0.142,0.818
6880366,0.254,0.394,0.352
6835063,0.007,0.06,0.933
6820479,0.26,0.361,0.379
6882057,0.012,0.24161666666666667,0.7463833333333333
6834440,0.017,0.149,0.834
6880846,0.003,0.007,0.99
6847248,0.001,0.011,0.988
6868368,0.006,0.058,0.936
6943505,0.011,0.074,0.915
7174304,0.0,0.012,0.988
6880747,0.0765,0.216,0.7075
6933565,0.04,0.326,0.634
6888511,0.004,0.021,0.975
6942704,0.065,0.351,0.584
6840304,0.1306,0.4685,0.4009
6856860,0.037,0.136,0.827
6884921,0.0,0.014,0.986
6937417,0.009,0.09,0.901
6831129,0.004,0.032,0.964
6936660,0.077,0.634,0.289
6940667,0.02,0.13,0.85
7201307,0.002,0.054,0.944
6825434,0.019,0.153,0.828
6848114,0.011,0.038,0.951
6947758,0.755,0.139,0.106
6897002,0.189,0.4765,0.3345
6926661,0.006,0.05533333333333334,0.9386666666666668
6867411,0.095,0.399,0.506
6910154,0.03483333333333333,0.15781666666666666,0.8073499999999999
7157900,0.099,0.345,0.556
6922324,0.052,0.279,0.669
6863068,0.049,0.147,0.804
6912109,0.016,0.144,0.84
6918609,0.061,0.268,0.671
6889300,0.26533333333333337,0.4306666666666667,0.304
6837794,0.03642857142857143,0.29757142857142854,0.666
6943098,0.563,0.328,0.109
6927601,0.084,0.372,0.544
6897826,0.0,0.032,0.968
6882892,0.0,0.011,0.989
6873384,0.3559166666666666,0.42508333333333337,0.219
6934693,0.035,0.126,0.839
7224450,0.051,0.28,0.669
6898157,0.015,0.105,0.88
6837355,0.0,0.026,0.974
6830595,0.14333333333333334,0.496,0.36066666666666664
6943561,0.258,0.42,0.322
6844380,0.23633333333333334,0.507,0.25666666666666665
6814286,0.013,0.0755,0.9115
6898520,0.06,0.603,0.337
6940979,0.68,0.184,0.136
6851090,0.172,0.158,0.67
7107169,0.014,0.095,0.891
6830287,0.2535,0.151,0.5955
6933575,0.102,0.523,0.375
6938972,0.1515,0.4375,0.411
6888315,0.0,0.015,0.985
6855106,0.02,0.193,0.787
6838237,0.121,0.639,0.24
6901024,0.098,0.114,0.788
6846627,0.008,0.155,0.837
7219857,0.0,0.024,0.976
6852685,0.049,0.333,0.618
6831610,0.107,0.375,0.518
6943538,0.081,0.45,0.469
6911637,0.004,0.034,0.962
6854543,0.012,0.055,0.933
6940451,0.134,0.436,0.43
6819530,0.521,0.193,0.286
7093396,0.062,0.385,0.553
6840326,0.017,0.164,0.819
6834204,0.014,0.1275,0.8585
6902518,0.18365,0.34435000000000004,0.472
6930253,0.040833333333333326,0.176,0.7831666666666668
6828293,0.005,0.046,0.949
7203744,0.384,0.319,0.297
6816478,0.171,0.472,0.357
6868890,0.018666666666666668,0.087,0.8943333333333334
6879338,0.035,0.396,0.569
6898532,0.014,0.178,0.808
6899965,0.027,0.283,0.69
7133875,0.0,0.009,0.991
6822218,0.022,0.19208333333333333,0.7859166666666667
6814018,0.23148333333333335,0.151,0.6175166666666666
6896376,0.191,0.38,0.429
6918670,0.089,0.387,0.524
6867839,0.01,0.086,0.904
6823554,0.001,0.013,0.986
6934798,0.013,0.072,0.915
6820823,0.0805,0.579,0.3405
6880212,0.062,0.147,0.791
6934814,0.0,0.023,0.977
7254134,0.019,0.084,0.897
6938303,0.413,0.48,0.107
6813807,0.039,0.488,0.473
6878604,0.02,0.1225,0.8575
6876763,0.002,0.023,0.975
6844352,0.01,0.085,0.905
6915939,0.16,0.394,0.446
7109370,0.025,0.196,0.779
6855445,0.172,0.358,0.47
6818668,0.056,0.37,0.574
6836527,0.0,0.0,1.0
6831717,0.004,0.111,0.885
6937162,0.034,0.204,0.762
6922876,0.015,0.141,0.844
7109482,0.046,0.287,0.667
6940972,0.034,0.151,0.815
6883790,0.095,0.27,0.635
6921643,0.005,0.17,0.825
6935700,0.037,0.186,0.777
6827025,0.041,0.217,0.742
6943096,0.108,0.1135,0.7785
7161468,0.01,0.044,0.946
6879610,0.016,0.071,0.913
6935762,0.0645,0.3175,0.618
6925042,0.072,0.152,0.776
7121050,0.047,0.338,0.615
6821601,0.011,0.066,0.923
6926810,0.032,0.213,0.755
6946532,0.014,0.208,0.778
6875171,0.079,0.428,0.493
7096285,0.12666666666666665,0.363,0.5103333333333334
6812321,0.005,0.066,0.929
6822697,0.184,0.314,0.502
6941294,0.003,0.173,0.824
6873564,0.012,0.052,0.936
6926791,0.008,0.43,0.562
7142444,0.707,0.213,0.08
6878128,0.115,0.561,0.324
6927428,0.022333333333333337,0.107,0.8706666666666667
6812674,0.001,0.014,0.985
6881774,0.071,0.299,0.63
7167797,0.003,0.009,0.988
6865238,0.132,0.382,0.486
6841710,0.058,0.176,0.766
6856334,0.026,0.131,0.843
6906462,0.005,0.16,0.835
6837438,0.082,0.227,0.691
6908277,0.192,0.609,0.199
6841291,0.003,0.0155,0.9815
6915178,0.089,0.463,0.448
6893031,0.137,0.456,0.407
6894985,0.545,0.34,0.115
6931134,0.111,0.37066666666666664,0.5183333333333333
6872264,0.551,0.258,0.191
6816953,0.1353,0.41533333333333333,0.4493666666666667
7163518,0.313,0.445,0.242
6893253,0.019,0.139,0.842
6943822,0.091,0.208,0.701
6946313,0.018,0.237,0.745
6839443,0.016,0.104,0.88
6911338,0.039,0.292,0.669
7223877,0.377,0.366,0.257
6917884,0.037,0.296,0.667
6823126,0.002,0.034,0.964
6939488,0.14,0.24,0.62
7196924,0.01,0.022,0.968
6905685,0.023,0.07,0.907
6894092,0.003,0.016,0.981
6812181,0.012,0.032,0.956
6854610,0.05,0.388,0.562
6873754,0.139,0.315,0.546
6859181,0.865,0.073,0.062
6825402,0.038,0.185,0.777
6819526,0.02375,0.166,0.81025
6896065,0.001,0.024,0.975
6931793,0.04,0.267,0.693
6907360,0.029,0.154,0.817
6813182,0.04886666666666667,0.192,0.7591333333333333
6823959,0.028,0.211,0.761
6942189,0.1,0.389,0.511
6844384,0.053,0.258,0.689
6836888,0.291,0.2275,0.4815
6917844,0.003,0.07,0.927
6937842,0.073,0.582,0.345
6926917,0.096,0.386,0.518
7160740,0.071,0.206,0.723
6936310,0.03190476190476191,0.2868833333333334,0.6812119047619047
6849109,0.119,0.595,0.286
6831018,0.0,0.025,0.975
6909842,0.001,0.044,0.955
6861360,0.007,0.064,0.929
6883414,0.022,0.274,0.704
6876026,0.019,0.1454166666666667,0.8355833333333333
7095390,0.0,0.007,0.993
6932265,0.369,0.407,0.224
6870949,0.04,0.2845,0.6755
6831335,0.064,0.3953333333333333,0.5406666666666666
6895698,0.205,0.388,0.407
6889889,0.058,0.266,0.676
6876679,0.08,0.1465,0.7735
6947097,0.439,0.256,0.305
6874970,0.001,0.029,0.97
6831069,0.379,0.431,0.19
6833628,0.096,0.213,0.691
6819282,0.048,0.297,0.655
6825025,0.02,0.105,0.875
6856513,0.116,0.471,0.413
6928711,0.001,0.017,0.982
6832548,0.1265,0.321,0.5525
6881870,0.006,0.079,0.915
6866978,0.457,0.363,0.18
7163400,0.324,0.432,0.244
6917187,0.098,0.188,0.714
6927475,0.047,0.312,0.641
6903243,0.462,0.179,0.359
6876188,0.007,0.076,0.917
6922219,0.001,0.031,0.968
7104085,0.004,0.01,0.986
6920897,0.167,0.378,0.455
6812177,0.013,0.085,0.902
6941047,0.043,0.442,0.515
6827609,0.004,0.043,0.953
6934328,0.006,0.023,0.971
6937556,0.38,0.415,0.205
6879765,0.07,0.449,0.481
6942927,0.017,0.084,0.899
6945170,0.0845,0.2905,0.625
6901915,0.04,0.3335,0.6265
6824475,0.0275,0.2105,0.762
6832968,0.07825,0.1675,0.75425
7166718,0.0,0.038,0.962
6905079,0.014,0.166,0.82
6940297,0.113,0.724,0.163
6911080,0.076,0.487,0.437
6917208,0.014,0.081,0.905
6858925,0.043,0.46,0.497
7169883,0.117,0.6036333333333334,0.27936666666666665
6944112,0.243,0.464,0.293
6885816,0.025,0.188,0.787
6837733,0.06933333333333334,0.36966666666666664,0.561
6828658,0.1434,0.315,0.5416
6839429,0.205,0.424,0.371
7164794,0.05,0.123,0.827
6837661,0.098,0.3415,0.5605
6883255,0.011,0.157,0.832
6833054,0.067,0.233,0.7
7675463,0.057,0.307,0.636
6871526,0.045,0.129,0.826
6876295,0.027,0.243,0.73
7204045,0.001,0.059,0.94
6840357,0.154,0.387,0.459
6917531,0.007,0.041,0.952
6886057,0.5073333333333334,0.31966666666666665,0.173
6833734,0.055,0.434,0.511
6908098,0.106,0.367,0.527
6860562,0.028,0.216,0.756
6859167,0.371,0.426,0.203
6812141,0.01,0.092,0.898
6919431,0.0,0.023,0.977
6869389,0.02,0.117,0.863
6906034,0.04616666666666666,0.10343333333333332,0.8503999999999999
7108495,0.0,0.002,0.998
6864681,0.001,0.066,0.933
6893982,0.009,0.114,0.877
6862160,0.018,0.096,0.886
6854804,0.04883333333333333,0.2871666666666666,0.664
7143164,0.006,0.582,0.412
6936651,0.051,0.113,0.836
6837450,0.025,0.192,0.783
6908259,0.831,0.087,0.082
6916539,0.042,0.183,0.775
6947176,0.083,0.18,0.737
6933958,0.34,0.392,0.268
6816549,0.2,0.498,0.302
6876117,0.002,0.03,0.968
6848605,0.048,0.244,0.708
6840659,0.13,0.172,0.698
6823496,0.18,0.3133333333333333,0.5066666666666667
6912609,0.0,0.005,0.995
7097937,0.005,0.063,0.932
6924524,0.02,0.256,0.724
6938236,0.068,0.269,0.663
6865751,0.0,0.003,0.997
6936323,0.011,0.2,0.789
6868422,0.10666666666666666,0.37633333333333335,0.517
7210133,0.058166666666666665,0.2948333333333334,0.647
7215631,0.016,0.111,0.873
6940189,0.036333333333333336,0.23766666666666666,0.726
6888941,0.003,0.028,0.969
6831598,0.152,0.614,0.234
6939963,0.004,0.053,0.943
6897175,0.183,0.391,0.426
6816167,0.038,0.135,0.827
6812965,0.008,0.147,0.845
7149372,0.316,0.425,0.259
6875959,0.004,0.031,0.965
6925644,0.071,0.607,0.322
6874269,0.13,0.278,0.592
6814721,0.028,0.131,0.841
6922432,0.021,0.534,0.445
6858861,0.027,0.12,0.853
6835339,0.007,0.031,0.962
6896997,0.519,0.24,0.241
6921134,0.001,0.016,0.983
6883685,0.109,0.723,0.168
6911406,0.0,0.024,0.976
6825733,0.33073333333333327,0.2952666666666667,0.374
6884462,0.207,0.426,0.367
6858682,0.003,0.055,0.942
6894013,0.11133333333333333,0.333,0.5556666666666668
6856391,0.468,0.24533333333333335,0.2866666666666666
6828064,0.001,0.022,0.977
6817336,0.0,0.01,0.99
6819178,0.0645,0.231,0.7045
7147339,0.157,0.3595,0.4835
6887757,0.14,0.564,0.296
6946859,0.091,0.416,0.493
6855963,0.001,0.02,0.979
6839828,0.041,0.277,0.682
6870806,0.157,0.462,0.381
6880221,0.067,0.512,0.421
6921809,0.032,0.29275,0.67525
6897069,0.045,0.323,0.632
6897157,0.286,0.399,0.315
6898912,0.03383333333333333,0.24,0.7261666666666666
6856271,0.117,0.218,0.665
6888381,0.0,0.008,0.992
7099191,0.001,0.081,0.918
6917882,0.1475,0.5815,0.271
6931260,0.002,0.017,0.981
6849996,0.061,0.69,0.249
6887973,0.084,0.3542,0.5618
6850205,0.159,0.625,0.216
6845657,0.149,0.342,0.509
6930302,0.016,0.106,0.878
6852391,0.139,0.244,0.617
6920411,0.542,0.256,0.202
6907999,0.018,0.128,0.854
6864094,0.01,0.078,0.912
6813852,0.02,0.31101666666666666,0.6689833333333334
7232295,0.276,0.341,0.383
6896558,0.072,0.285,0.643
6858919,0.049,0.6655,0.2855
6847828,0.029,0.156,0.815
6925116,0.03246666666666667,0.2855333333333333,0.682
6854687,0.04,0.142,0.818
6946415,0.085,0.646,0.269
6827859,0.0,0.0,1.0
6884313,0.293,0.555,0.152
6848651,0.018,0.237,0.745
7136298,0.035,0.119,0.846
6874534,0.144,0.371,0.485
6908942,0.279,0.434,0.287
6894718,0.004,0.0578,0.9382
6876449,0.037,0.214,0.749
6825630,0.11159999999999999,0.48985,0.39854999999999996
7155655,0.033,0.122,0.845
7201310,0.012,0.087,0.901
6864334,0.016,0.067,0.917
6876658,0.016,0.145,0.839
6842370,0.163,0.31,0.527
6835467,0.418,0.279,0.303
7227368,0.072,0.236,0.692
6859482,0.073,0.189,0.738
6878641,0.009,0.12,0.871
6869916,0.0,0.0,1.0
6841060,0.073,0.3035,0.6235
6887832,0.0195,0.254,0.7265
6905898,0.008,0.023,0.969
7104742,0.502,0.351,0.147
6948090,0.036,0.249,0.715
6839851,0.085,0.337,0.578
6934051,0.025,0.132,0.843
6888727,0.1605,0.4815,0.358
7167478,0.011,0.055,0.934
6892109,0.079,0.631,0.29
6908544,0.517,0.336,0.147
6921725,0.05,0.249,0.701
6932343,0.036,0.75,0.214
6914309,0.0,0.116,0.884
6919805,0.029,0.1075,0.8635
6947828,0.049,0.274,0.677
6920362,0.041,0.155,0.804
7110179,0.531,0.293,0.176
6877834,0.108,0.313,0.579
6876966,0.05,0.223,0.727
6823918,0.012,0.077,0.911
6871243,0.002,0.047,0.951
6928189,0.14,0.453,0.407
6852455,0.048,0.209,0.743
7208631,0.055,0.269,0.676
6831811,0.108,0.725,0.167
6904276,0.0,0.013,0.987
6831589,0.07,0.335,0.595
6901814,0.081,0.168,0.751
6854667,0.7731833333333334,0.14081666666666667,0.086
7192650,0.003,0.064,0.933
6836299,0.001,0.052,0.947
6887919,0.014,0.15516666666666665,0.8308333333333333
6927679,0.036,0.32566666666666666,0.6383333333333334
6855908,0.009,0.172,0.819
6854766,0.007,0.064,0.929
6847472,0.043,0.088,0.869
6862519,0.133,0.3078,0.5592
6938819,0.317,0.312,0.371
6945434,0.104,0.361,0.535
6832722,0.502,0.293,0.205
6852707,0.029,0.162,0.809
7177680,0.051,0.489,0.46
6834945,0.01,0.02,0.97
6890316,0.022,0.203,0.775
6816620,0.024,0.147,0.829
6945175,0.01,0.107,0.883
6914016,0.015,0.202,0.783
6852619,0.011,0.214,0.775
6813211,0.06658333333333334,0.578,0.35541666666666666
6820546,0.003,0.055,0.942
6836128,0.001,0.012,0.987
6850557,0.105,0.474,0.421
6864997,0.143,0.351,0.506
6883705,0.025,0.148,0.827
6898767,0.008,0.12108333333333335,0.8709166666666668
6866020,0.009,0.068,0.923
7126382,0.413,0.377,0.21
6847427,0.1191,0.36619999999999997,0.5147
6841013,0.101,0.274,0.625
6909469,0.0,0.008,0.992
6922473,0.034,0.19433333333333333,0.7716666666666666
6925906,0.033,0.21,0.757
6946014,0.103,0.352,0.545
6820739,0.035,0.33,0.635
6927559,0.596,0.225,0.179
7174772,0.0,0.011,0.989
6931036,0.039,0.235,0.726
6918163,0.023,0.283,0.694
6893604,0.116,0.243,0.6409999999999999
6868844,0.17,0.305,0.525
6814537,0.422,0.44,0.138
6916118,0.001,0.013,0.986
6838509,0.046,0.29,0.664
6919725,0.164,0.448,0.388
6932476,0.001,0.014,0.985
6860496,0.067,0.562,0.371
7156799,0.098,0.595,0.307
6837521,0.025,0.28,0.695
6913204,0.067,0.698,0.235
6947516,0.059,0.41,0.531
6838117,0.02,0.145,0.835
6933366,0.023,0.287,0.69
7134198,0.016,0.126,0.858
6898450,0.094,0.283,0.623
6819926,0.038,0.228,0.734
6947698,0.076,0.191,0.733
6838721,0.0,0.008,0.992
6936661,0.085,0.598,0.317
6912257,0.032,0.276,0.692
6905569,0.005,0.038,0.957
6927167,0.333,0.449,0.218
7150689,0.009,0.068,0.923
6820358,0.032,0.17,0.798
6945045,0.0825,0.2765,0.641
6866884,0.128,0.232,0.64
6820658,0.1055,0.35,0.5445
6826462,0.066,0.747,0.187
6932390,0.022,0.147,0.831
6905031,0.493,0.12,0.387
6923011,0.037,0.207,0.756
6908504,0.14,0.3545,0.5055
6881050,0.133,0.195,0.672
6892968,0.024,0.333,0.643
7346996,0.21,0.31633333333333336,0.4736666666666667
6876206,0.032,0.183,0.785
6813475,0.06,0.356,0.584
7190057,0.038,0.07616666666666666,0.8858333333333334
6838465,0.067,0.222,0.711
6899364,0.049,0.172,0.779
6891616,0.001,0.004,0.995
6836715,0.02075,0.12985,0.8493999999999999
6829616,0.009,0.192,0.799
6829144,0.047,0.354,0.599
6893064,0.039,0.177,0.784
6861300,0.008,0.084,0.908
6926847,0.015,0.2896666666666667,0.6953333333333334
6894021,0.002,0.069,0.929
6897946,0.005,0.015,0.98
6835716,0.065,0.126,0.809
6832160,0.38,0.335,0.285
6835291,0.129,0.205,0.666
6945184,0.015,0.158,0.827
7140488,0.089,0.295,0.616
6937850,0.07,0.321,0.609
6899603,0.096,0.159,0.745
6903105,0.137,0.395,0.468
6828476,0.005,0.098,0.897
6835098,0.02,0.058,0.922
6830512,0.04,0.2005,0.7595
6879997,0.083,0.2,0.717
7131517,0.101,0.506,0.393
6835955,0.132,0.249,0.619
6875250,0.009,0.1135,0.8775
6932794,0.073,0.524,0.403
6948263,0.039,0.317,0.644
6867201,0.24409999999999998,0.5468999999999999,0.209
6882748,0.07,0.104,0.826
6902842,0.171,0.421,0.408
6847535,0.0215,0.1915,0.787
6825267,0.032,0.134,0.834
6909277,0.024,0.043,0.933
7152429,0.331,0.392,0.277
6931179,0.003,0.024,0.973
6896746,0.187,0.442,0.371
6937073,0.002,0.016,0.982
6934627,0.001,0.029,0.97
6887878,0.267,0.375,0.358
6921531,0.026,0.289,0.685
6897461,0.005,0.008,0.987
6862066,0.132,0.374,0.494
6851531,0.107,0.467,0.426
6928550,0.004,0.027,0.969
6945851,0.005,0.142,0.853
6946955,0.002,0.015,0.983
6869136,0.159,0.507,0.334
6908667,0.072,0.412,0.516
6820525,0.041,0.297,0.662
6887970,0.092,0.366,0.542
6848365,0.018,0.42,0.562
6816173,0.028,0.131,0.841
6900732,0.001,0.014,0.985
6815786,0.046,0.343,0.611
6945972,0.111,0.514,0.375
6848445,0.029,0.21,0.761
6856486,0.104,0.404,0.492
6867010,0.036,0.316,0.648
6828257,0.058,0.108,0.834
6871807,0.028,0.211,0.761
7212966,0.0,0.007,0.993
6889959,0.05316666666666667,0.28783333333333333,0.659
6915510,0.005,0.156,0.839
6905402,0.002,0.045,0.953
6826100,0.04,0.689,0.271
6848893,0.025,0.228,0.747
7155647,0.137,0.3285,0.5345
6812883,0.1257,0.7353,0.139
6866095,0.009,0.11233333333333333,0.8786666666666666
6931127,0.0,0.008,0.992
6829407,0.018,0.1752,0.8068
6867548,0.31,0.271,0.419
7132575,0.04,0.434,0.526
6890847,0.008,0.106,0.886
6916429,0.041,0.081,0.878
6884716,0.569,0.273,0.158
6896897,0.36,0.41,0.23
6941572,0.043,0.138,0.819
6945277,0.061,0.441,0.498
7133293,0.0,0.04,0.96
7213385,0.002,0.011,0.987
6831928,0.042,0.296,0.662
6932687,0.017,0.122,0.861
6873877,0.016,0.09,0.894
7135459,0.098,0.437,0.465
6876620,0.007,0.05,0.943
6936163,0.009,0.13,0.861
6912398,0.11133333333333334,0.2866666666666667,0.602
6917655,0.004,0.052,0.944
6941149,0.016,0.077,0.907
6941378,0.014,0.095,0.891
6882453,0.029,0.152,0.819
7119160,0.03975,0.2195,0.74075
6868451,0.147,0.341,0.512
6945881,0.029,0.249,0.722
6822541,0.138,0.185,0.677
6884355,0.052,0.43,0.518
7132247,0.04,0.228,0.732
6872049,0.072,0.319,0.609
6890740,0.02,0.183,0.797
6840897,0.12,0.254,0.626
6847694,0.01,0.109,0.881
6938196,0.019,0.229,0.752
6939526,0.008,0.049,0.943
6917529,0.0,0.004,0.996
6885636,0.006,0.053,0.941
7202614,0.001,0.011,0.988
6926453,0.059,0.638,0.303
6844636,0.154,0.521,0.325
6879293,0.42,0.368,0.212
6924780,0.33425,0.29275,0.373
6881024,0.012,0.012,0.976
6851374,0.3146666666666667,0.369,0.3163333333333333
6850953,0.002,0.054,0.944
6892292,0.021766666666666667,0.125,0.8532333333333334
6886159,0.012,0.092,0.896
6849877,0.078,0.38,0.542
6940840,0.017,0.128,0.855
6926838,0.039,0.417,0.544
6879243,0.303,0.477,0.22
6944286,0.083,0.222,0.695
6915587,0.378,0.43,0.192
6881904,0.0425,0.1425,0.815
7154358,0.231,0.395,0.374
6899258,0.024,0.14,0.836
6855460,0.356,0.417,0.227
6864884,0.01,0.104,0.886
6868209,0.087,0.392,0.521
6853834,0.11,0.34,0.55
7210020,0.066,0.312,0.622
6933228,0.028,0.208,0.764
6929227,0.118,0.208,0.674
7192346,0.131,0.378,0.491
6928834,0.001,0.049,0.95
6812269,0.004,0.052,0.944
6851446,0.171,0.308,0.521
6930820,0.021,0.101,0.878
6875310,0.137,0.247,0.616
6932397,0.082,0.357,0.561
6904291,0.0,0.021,0.979
6921642,0.055,0.485,0.46
7136057,0.151,0.385,0.464
6920815,0.033,0.106,0.861
6861757,0.291,0.428,0.281
6934222,0.674,0.263,0.063
6946448,0.07633333333333334,0.3225,0.6011666666666667
6890569,0.132,0.302,0.566
6884477,0.062,0.189,0.749
7145006,0.001,0.033,0.966
6893718,0.004,0.057,0.939
6893330,0.042,0.154,0.804
6901780,0.008,0.105,0.887
6815738,0.06566666666666665,0.54,0.3943333333333333
6917209,0.01,0.036,0.954
6904227,0.003,0.017,0.98
6894402,0.002,0.04,0.958
7146083,0.034,0.141,0.825
6902153,0.007,0.092,0.901
6925988,0.133,0.3725,0.4945
6881323,0.0,0.002,0.998
6937405,0.309,0.22,0.471
7098390,0.123,0.464,0.413
6935942,0.2965309523809524,0.321,0.38246904761904754
6833510,0.065,0.36,0.575
6812857,0.04,0.23,0.73
6828441,0.126,0.21733333333333335,0.6566666666666666
6915711,0.22133333333333335,0.5016666666666667,0.277
6880643,0.159,0.272,0.569
7224930,0.053,0.182,0.765
6852614,0.004,0.117,0.879
6853816,0.082,0.273,0.645
6811964,0.387,0.289,0.324
6847800,0.0,0.03,0.97
6859897,0.11125,0.39975,0.489
6882929,0.008,0.082,0.91
7157584,0.047,0.096,0.857
6863444,0.001,0.019,0.98
6836902,0.0,0.012,0.988
6918960,0.08275,0.31025,0.607
6882854,0.03,0.244,0.726
6822755,0.019,0.075,0.906
6815184,0.09899999999999999,0.3436666666666667,0.5573333333333332
6846582,0.022,0.138,0.84
6940309,0.031,0.224,0.745
6924056,0.006,0.079,0.915
6824481,0.011,0.101,0.888
6839735,0.017,0.145,0.838
6900130,0.036,0.316,0.648
6946739,0.01,0.07,0.92
7144008,0.016,0.263,0.721
6863751,0.013,0.034,0.953
6820293,0.044,0.384,0.572
6818472,0.014,0.121,0.865
6832420,0.038,0.127,0.835
6879450,0.01,0.077,0.913
6943618,0.039,0.255,0.706
6883463,0.010666666666666666,0.077,0.9123333333333333
6834919,0.342,0.296,0.362
7505696,0.0,0.045,0.955
6903645,0.002,0.032,0.966
6831148,0.443,0.261,0.296
6828948,0.051,0.209,0.74
6878495,0.002,0.27,0.728
6924862,0.01,0.109,0.881
6887802,0.041,0.304,0.655
6903228,0.625,0.266,0.109
6947415,0.0,0.015,0.985
6941508,0.224,0.344,0.432
6856111,0.058,0.35,0.592
7126808,0.03,0.204,0.766
6939857,0.01,0.081,0.909
6822528,0.34375,0.355,0.30125
6947631,0.117,0.407,0.476
6887810,0.027,0.202,0.771
6849210,0.03,0.478,0.492
6901742,0.001,0.026,0.973
6850925,0.227,0.426,0.347
7181995,0.095,0.377,0.528
6841559,0.001,0.043,0.956
6822957,0.013,0.066,0.921
6943349,0.017,0.074,0.909
6923825,0.002,0.0155,0.9825
6871218,0.372,0.333,0.295
6932761,0.319,0.544,0.137
7168983,0.037,0.227,0.736
6853713,0.207,0.509,0.284
6814124,0.034,0.213,0.753
6828980,0.004,0.193,0.803
6939747,0.008,0.062,0.93
6862615,0.069,0.324,0.607
6911182,0.012,0.211,0.777
6947421,0.025,0.168,0.807
7163662,0.016,0.049,0.935
6933362,0.121,0.315,0.564
6822086,0.047,0.237,0.716
6939543,0.023,0.144,0.833
6882675,0.09575,0.471,0.43325
6925986,0.004,0.077,0.919
6927417,0.109,0.493,0.398
6824119,0.1445,0.34,0.5155
6923589,0.141,0.267,0.592
7205380,0.002,0.044,0.954
6904992,0.064,0.241,0.695
6857676,0.052,0.63,0.318
6942001,0.142,0.283,0.575
7187800,0.0355,0.2305,0.734
6877985,0.345,0.457,0.198
6821414,0.0,0.034678571428571434,0.9653214285714287
6864512,0.008,0.083,0.909
6827448,0.072,0.312,0.616
6908603,0.027,0.107,0.866
7229431,0.023,0.127,0.85
6887335,0.025,0.109,0.866
6882828,0.073,0.548,0.379
6899958,0.009,0.124,0.867
6824008,0.028,0.225,0.747
6903906,0.092,0.201,0.707
7115894,0.047,0.892,0.061
6941723,0.03,0.171,0.799
6839785,0.14,0.639,0.221
6886776,0.033,0.141,0.826
6916643,0.002,0.05,0.948
6913846,0.027,0.36079999999999995,0.6122000000000001
6890122,0.004,0.015,0.981
6835099,0.023,0.145,0.832
6945428,0.029,0.242,0.729
6887669,0.093,0.29,0.617
6935132,0.001,0.003,0.996
6857587,0.006,0.057,0.937
6935498,0.015,0.438,0.547
6947868,0.143,0.638,0.219
6850003,0.038,0.33,0.632
6852354,0.008,0.07,0.922
6919832,0.014,0.166,0.82
6812510,0.008,0.049,0.943
6896715,0.328,0.329,0.343
7227507,0.087,0.177,0.736
6887453,0.013,0.125,0.862
6921056,0.027,0.15,0.823
6932635,0.271,0.464,0.265
6893393,0.002,0.0475,0.9505
6940659,0.078,0.286,0.636
6891517,0.0,0.026,0.974
6818991,0.057,0.165,0.778
6899307,0.115,0.322,0.563
7175517,0.003,0.136,0.861
6895415,0.019,0.168,0.813
6945124,0.024,0.265,0.711
6878796,0.073,0.365,0.562
6901435,0.005,0.418,0.577
7098987,0.34,0.34,0.32
6868925,0.173,0.433,0.394
6862452,0.28,0.497,0.223
6904865,0.005,0.031,0.964
6872445,0.014,0.292,0.694
6816856,0.058,0.163,0.779
6910410,0.001,0.082,0.917
6847518,0.081,0.309,0.61
6860992,0.007,0.092,0.901
7093387,0.024,0.19,0.786
6891540,0.028,0.089,0.883
6928645,0.017,0.045,0.938
6874105,0.024,0.101,0.875
6819576,0.113,0.173,0.714
6817538,0.0,0.023,0.977
6819741,0.492,0.184,0.324
6878626,0.2,0.387,0.413
6901210,0.0325,0.32,0.6475
6888879,0.053,0.248,0.699
6888947,0.06,0.501,0.439
6883374,0.001,0.037,0.962
6836031,0.029,0.3,0.671
6851387,0.001,0.008,0.991
6907149,0.117,0.261,0.622
6882595,0.168,0.417,0.415
6816916,0.095,0.315,0.59
6878470,0.001,0.027,0.972
6865752,0.035,0.1525,0.8125
7217321,0.164,0.376,0.46
6944366,0.05366666666666666,0.22933333333333333,0.717
6918425,0.1685,0.4465,0.385
6821736,0.053,0.209,0.738
6936271,0.031,0.783,0.186
6874179,0.102,0.236,0.662
7135281,0.009,0.071,0.92
6942663,0.33475,0.35825,0.307
6903026,0.176,0.356,0.468
6824421,0.005,0.046,0.949
6820128,0.004,0.047,0.949
6850604,0.057,0.318,0.625
7120955,0.007,0.051,0.942
6847409,0.03,0.182,0.788
7056210,0.001,0.12,0.879
6939935,0.003,0.033,0.964
6844699,0.034,0.306,0.66
6833246,0.075,0.265,0.66
6845220,0.073,0.634,0.293
6824273,0.384,0.515,0.101
6873326,0.2215,0.37475,0.40375
6941227,0.004,0.106,0.89
6899355,0.014,0.09,0.896
6880235,0.265,0.322,0.413
6850018,0.05,0.607,0.343
6818489,0.042,0.749,0.209
7159592,0.019,0.15,0.831
7200711,0.149,0.415,0.436
6842278,0.03025,0.158,0.81175
6829488,0.016,0.15,0.834
6916976,0.05,0.086,0.864
6863573,0.003,0.043,0.954
6900303,0.003,0.004,0.993
6830686,0.09325,0.36375,0.543
7088285,0.074,0.343,0.583
6875119,0.169,0.3,0.531
6852969,0.005,0.023,0.972
6834964,0.02,0.08033333333333333,0.8996666666666666
6888066,0.017,0.58,0.403
6862580,0.02,0.135,0.845
6902903,0.35,0.201,0.449
6940227,0.022833333333333337,0.13016666666666668,0.847
7094978,0.025,0.02,0.955
6849775,0.054,0.159,0.787
6852514,0.0325,0.35291666666666666,0.6145833333333333
6908752,0.381,0.297,0.322
6926813,0.035,0.423,0.542
6867168,0.056,0.206,0.738
6916938,0.004,0.058,0.938
7217282,0.395,0.407,0.198
6830318,0.597,0.209,0.194
6841129,0.1225,0.3045,0.573
6933898,0.14,0.321,0.539
6852224,0.04,0.175,0.785
6855108,0.197,0.572,0.231
6857681,0.085,0.439,0.476
7167282,0.0,0.01,0.99
6939214,0.025,0.095,0.88
6922283,0.0735,0.354,0.5725
6859605,0.002,0.022,0.976
6904148,0.013,0.164,0.823
6882954,0.081,0.457,0.462
6939093,0.022,0.13066666666666665,0.8473333333333334
6831383,0.011,0.135,0.854
6894471,0.0,0.014,0.986
6931008,0.019,0.402,0.579
6838588,0.025,0.166,0.809
6851730,0.01,0.049,0.941
6911988,0.004,0.063,0.933
6814325,0.071,0.338,0.591
6838809,0.09808333333333334,0.40191666666666664,0.5
6822777,0.1,0.262,0.638
6887378,0.1212,0.3751333333333334,0.5036666666666667
6913098,0.002,0.031,0.967
6936520,0.193,0.492,0.315
6837850,0.083,0.321,0.596
6918818,0.010333333333333332,0.144,0.8456666666666668
6897497,0.0,0.003,0.997
6936577,0.054,0.396,0.55
6826594,0.161,0.433,0.406
6865047,0.005,0.12958333333333333,0.8654166666666667
6823879,0.0475,0.703,0.2495
6914868,0.9623999999999999,0.025,0.0126
6863654,0.0,0.001,0.999
6907061,0.221,0.277,0.502
7180725,0.019,0.156,0.825
7205244,0.04,0.11,0.85
6856962,0.057,0.138,0.805
6885323,0.007,0.015,0.978
6912379,0.686,0.13,0.184
6858148,0.028,0.201,0.771
6814582,0.05466666666666666,0.2793333333333334,0.666
6940703,0.039,0.247,0.714
7181144,0.04,0.252,0.708
6825868,0.076,0.257,0.667
6889020,0.019,0.303,0.678
6869287,0.001,0.009,0.99
6871054,0.05125,0.29375,0.655
6870018,0.01,0.068,0.922
6895217,0.06033333333333333,0.3933333333333333,0.5463333333333332
6855875,0.099,0.137,0.764
7185369,0.046,0.38333333333333336,0.5706666666666667
6848724,0.165,0.227,0.608
6912010,0.085,0.527,0.388
6911483,0.104,0.417,0.479
6826557,0.072,0.25,0.678
6893666,0.029,0.192,0.779
6946801,0.028,0.285,0.687
6871189,0.006,0.043,0.951
6844700,0.344,0.62,0.036
6832474,0.014,0.093,0.893
6922129,0.03,0.195,0.775
6941269,0.026,0.267,0.707
6850111,0.006,0.065,0.929
6871721,0.006,0.063,0.931
6834277,0.005,0.017,0.978
6815020,0.121,0.3991,0.4799
6839790,0.129,0.537,0.334
6929149,0.006,0.031,0.963
6832299,0.149,0.42060000000000003,0.4304
6908265,0.044,0.27,0.686
6819513,0.091,0.208,0.701
6922046,0.017,0.189,0.794
6911700,0.006,0.151,0.843
7132375,0.234,0.284,0.482
6826330,0.118,0.38,0.502
6892358,0.1055,0.6785,0.216
6844735,0.126,0.413,0.461
6830282,0.008,0.18606666666666666,0.8059333333333333
6831883,0.002,0.028,0.97
6861551,0.13,0.35,0.52
6857472,0.0,0.024,0.976
6844170,0.16766666666666669,0.32733333333333337,0.505
6870992,0.037,0.264,0.699
6824420,0.098,0.08,0.822
6842673,0.011,0.075,0.914
6870166,0.382,0.231,0.387
6923521,0.013,0.089,0.898
6923067,0.113,0.335,0.552
7102369,0.025,0.618,0.357
6918324,0.02,0.07,0.91
6875753,0.003,0.076,0.921
6858106,0.118,0.505,0.377
6945544,0.019,0.201,0.78
6843762,0.002,0.005,0.993
6916249,0.008,0.094,0.898
6881283,0.115,0.368,0.517
6905410,0.0,0.04,0.96
6892408,0.1744,0.5186000000000001,0.307
6930990,0.06183333333333334,0.6201666666666668,0.318
6835400,0.028,0.113,0.859
6867680,0.052,0.386,0.562
6910555,0.022,0.096,0.882
7178838,0.056,0.298,0.646
6925050,0.041,0.308,0.651
6831230,0.40775,0.35525,0.237
6884393,0.229,0.4,0.371
6850763,0.05,0.29556666666666664,0.6544333333333334
6835259,0.003,0.012,0.985
6878793,0.022,0.102,0.876
6843709,0.029,0.203,0.768
6880861,0.0725,0.265,0.6625
6927246,0.163,0.403,0.434
6884364,0.07883333333333332,0.5151666666666668,0.406
6932934,0.005,0.138,0.857
6943694,0.278,0.462,0.26
6831730,0.005,0.064,0.931
6844928,0.169,0.68,0.151
6885511,0.06,0.091,0.849
6844807,0.2965,0.4815,0.222
6817080,0.003,0.063,0.934
6851413,0.024,0.213,0.763
6918623,0.012,0.1105,0.8775
6932080,0.287,0.521,0.192
7117345,0.0,0.016,0.984
6821425,0.023,0.153,0.824
6924403,0.035,0.187,0.778
6854123,0.022,0.142,0.836
6852889,0.069,0.201,0.73
6866387,0.039,0.2,0.761
6858128,0.04125,0.147,0.81175
6905129,0.045,0.712,0.243
6932035,0.022,0.216,0.762
6884265,0.1255,0.4665,0.408
6936966,0.098,0.241,0.661
6881098,0.048,0.093,0.859
6869941,0.003,0.059,0.938
6864713,0.012,0.04,0.948
6905259,0.009,0.068,0.923
6889865,0.061,0.666,0.273
6870562,0.069,0.43,0.501
7124351,0.022,0.07733333333333332,0.9006666666666666
6857644,0.0,0.038,0.962
6891045,0.389,0.396,0.215
6929039,0.017,0.078,0.905
6916229,0.001,0.03,0.969
6833556,0.508,0.286,0.206
6838951,0.069,0.262,0.669
6868487,0.193,0.221,0.586
6869690,0.07,0.151,0.779
6864005,0.091,0.3513333333333334,0.5576666666666668
6923234,0.036,0.189,0.775
6827182,0.036,0.314,0.65
7146069,0.135,0.318,0.547
6890503,0.016,0.058,0.926
6911066,0.024,0.29694047619047614,0.6790595238095236
6876163,0.305,0.141,0.554
6920433,0.067,0.231,0.702
6826987,0.157,0.279,0.564
6831058,0.025,0.169,0.806
6944184,0.02,0.142,0.838
6868480,0.096,0.238,0.666
7097198,0.023,0.084,0.893
6914595,0.014,0.046,0.94
6879535,0.05,0.28,0.67
6900971,0.023,0.084,0.893
6878555,0.097,0.301,0.602
6839324,0.044,0.478,0.478
6819925,0.002,0.022,0.976
6839386,0.069,0.339,0.592
6825584,0.107,0.374,0.519
7201758,0.029,0.1666,0.8044
6864463,0.0605,0.4025,0.537
6815348,0.004,0.031,0.965
6820756,0.04,0.2285,0.7315
6858699,0.042,0.205,0.753
6843115,0.006,0.0495,0.9445
6850824,0.001,0.008,0.991
6937635,0.04,0.151,0.809
6828911,0.029,0.116,0.855
7154618,0.007,0.108,0.885
6939143,0.182,0.367,0.451
6823169,0.003,0.103,0.894
6924844,0.08,0.433,0.487
6815925,0.331,0.321,0.348
6947389,0.001,0.01,0.989
7203267,0.09,0.2475,0.6625
6825953,0.191,0.368,0.441
6833542,0.089,0.4496,0.4614
6854302,0.002,0.022,0.976
6843122,0.237,0.3075,0.4555
6851851,0.04,0.173,0.787
6879971,0.16,0.51675,0.32325
7136227,0.001,0.008,0.991
6925138,0.008,0.14,0.852
6875050,0.012,0.081,0.907
6935199,0.10416666666666666,0.4358333333333333,0.46
6848027,0.068,0.334,0.598
6904795,0.5,0.262,0.238
6818781,0.033,0.23,0.737
6871081,0.281,0.313,0.406
6888945,0.026,0.198,0.776
6925993,0.023,0.112,0.865
6928183,0.219,0.46,0.321
6847449,0.001,0.023,0.976
6857762,0.007,0.377,0.616
6942172,0.069,0.22,0.711
6916747,0.014,0.12075,0.86525
6813002,0.172,0.26,0.568
6923932,0.0,0.003,0.997
6939669,0.031,0.26333333333333336,0.7056666666666667
6854566,0.072,0.467,0.461
6909019,0.146,0.623,0.231
6869921,0.001,0.005,0.994
6864519,0.035,0.249,0.716
6849438,0.017,0.20616666666666666,0.7768333333333334
6916590,0.076,0.447,0.477
6947299,0.221,0.333,0.446
7152604,0.013,0.018,0.969
6894914,0.241,0.255,0.504
6914502,0.003,0.054,0.943
6820113,0.255,0.159,0.586
6924106,0.001,0.01825,0.98075
6840817,0.203,0.275,0.522
6913090,0.109,0.376,0.515
6934517,0.084,0.43,0.486
7152770,0.02,0.014,0.966
6868529,0.1535,0.3885,0.458
6836709,0.001,0.013,0.986
6868506,0.007,0.135,0.858
6941712,0.031,0.259,0.71
6932760,0.014,0.202,0.784
6850191,0.056933333333333336,0.2704,0.6726666666666667
6878745,0.308,0.492,0.2
7094259,0.195,0.28,0.525
6831807,0.157,0.262,0.581
6891698,0.0,0.0,1.0
6923465,0.247,0.34,0.413
6899213,0.054,0.237,0.709
6923804,0.001,0.011,0.988
6918979,0.0115,0.07,0.9185
6862421,0.001,0.048,0.951
6900993,0.009,0.102,0.889
6861580,0.015,0.568,0.417
6906474,0.011,0.06,0.929
6847010,0.33,0.414,0.256
6817985,0.005,0.078,0.917
6879738,0.156,0.577,0.267
7169995,0.009,0.083,0.908
6901359,0.007,0.1315,0.8615
6837382,0.008,0.079,0.913
6874250,0.148,0.555,0.297
6886924,0.011,0.057,0.932
6894687,0.008,0.059,0.933
6937873,0.278,0.222,0.5
6852900,0.0508,0.2622,0.687
6929432,0.1405,0.46316666666666667,0.39633333333333337
6844489,0.043,0.257,0.7
6844561,0.146,0.633,0.221
6933747,0.046,0.176,0.778
6940885,0.007,0.088,0.905
6873782,0.262,0.571,0.167
6882375,0.06,0.602,0.338
6878769,0.072,0.427,0.501
6827016,0.13,0.391,0.479
6820773,0.294,0.35,0.356
6921124,0.007,0.067,0.926
6817935,0.252,0.231,0.517
7144533,0.034,0.081,0.885
6813648,0.102,0.201,0.697
6834670,0.102,0.275,0.623
6878185,0.087,0.236,0.677
6923378,0.108,0.3885,0.5035
6932252,0.046,0.24,0.714
6857065,0.001,0.02,0.979
7169899,0.051,0.231,0.718
6887074,0.001,0.036,0.963
6849463,0.017,0.28,0.703
6934153,0.044,0.173,0.783
7116464,0.032,0.247,0.721
6897412,0.015,0.033,0.952
6925887,0.052,0.494,0.454
6848650,0.046,0.204,0.75
6818453,0.3109166666666667,0.4325,0.2565833333333334
6943153,0.011,0.16266666666666665,0.8263333333333334
6946348,0.648,0.171,0.181
6878770,0.054,0.277,0.669
6827664,0.0,0.011,0.989
6922984,0.022,0.181,0.797
6864544,0.02,0.1404,0.8396
6931437,0.005,0.076,0.919
7171071,0.038,0.201,0.761
6908215,0.05,0.809,0.141
6813875,0.1413333333333333,0.3616666666666667,0.497
6845221,0.045,0.735,0.22
6900902,0.048,0.35,0.602
6925197,0.066,0.279,0.655
6850783,0.0,0.009,0.991
6869002,0.1,0.453,0.447
7172791,0.032,0.205,0.763
6936176,0.012,0.074,0.914
6839462,0.267,0.419,0.314
6828651,0.024,0.244,0.732
6912630,0.08666666666666666,0.328,0.5853333333333333
6925870,0.038,0.192,0.77
6823876,0.019,0.354,0.627
6932538,0.038,0.30925,0.65275
6905724,0.1445,0.2965,0.559
6872564,0.001,0.006,0.993
6821027,0.027,0.227,0.746
6943747,0.403,0.132,0.465
7150854,0.013,0.017,0.97
7140107,0.017,0.12,0.863
6925056,0.0715,0.4355,0.493
6908834,0.065,0.171,0.764
6841620,0.035,0.079,0.886
6927175,0.09,0.489,0.421
6911333,0.0455,0.12583333333333332,0.8286666666666667
6936227,0.0608,0.2902,0.649
6935640,0.051,0.402,0.547
6901738,0.054,0.238,0.708
6849053,0.634,0.219,0.147
6879561,0.296,0.333,0.371
7166280,0.158,0.358,0.484
6889409,0.0225,0.145,0.8325
6898181,0.001,0.003,0.996
6881507,0.012,0.107,0.881
6895263,0.0,0.018,0.982
6830090,0.031,0.195,0.774
7215380,0.084,0.714,0.202
6817698,0.011,0.127,0.862
6906566,0.303,0.403,0.294
6894990,0.061,0.153,0.786
6873889,0.03933333333333333,0.8312666666666666,0.12940000000000002
6879553,0.025,0.434,0.541
6878327,0.688,0.254,0.058
6907502,0.207,0.578,0.215
6913646,0.074,0.45,0.476
7300745,0.042,0.163,0.795
6839638,0.049,0.391,0.56
6856873,0.075,0.648,0.277
6855357,0.022,0.249,0.729
6899979,0.002,0.016,0.982
6908433,0.358,0.35,0.292
6907408,0.001,0.01,0.989
7170775,0.059,0.83,0.111
6894035,0.008,0.163,0.829
6847457,0.0,0.013,0.987
6846258,0.003,0.058,0.939
6833602,0.5313333333333333,0.339,0.12966666666666665
7113888,0.145,0.528,0.327
6896850,0.285,0.495,0.22
6874757,0.003,0.003,0.994
6818474,0.042,0.396,0.562
6902137,0.023,0.241,0.736
6870798,0.18,0.346,0.474
7127496,0.067,0.355,0.578
6902192,0.144,0.434,0.422
6881324,0.478,0.049,0.473
6928837,0.019,0.093,0.888
6882452,0.2975,0.5185,0.184
6828286,0.002,0.03,0.968
7126963,0.042,0.345,0.613
6862928,0.002,0.028,0.97
6822277,0.3829333333333334,0.3750666666666666,0.242
6889752,0.1775,0.3305,0.492
6861415,0.0675,0.2655,0.667
6812868,0.1315952380952381,0.5509880952380952,0.3174166666666666
6937889,0.142,0.562,0.296
6935346,0.016,0.139,0.845
7282611,0.018,0.245,0.737
6936347,0.179,0.227,0.594
6824954,0.015,0.254,0.731
6892538,0.063,0.458,0.479
6928786,0.01,0.046,0.944
7164678,0.168,0.59,0.242
6889908,0.065,0.215,0.72
6913892,0.452,0.402,0.146
6837599,0.2626666666666666,0.5233333333333332,0.214
6925955,0.007,0.024,0.969
6833907,0.188,0.569,0.243
6874618,0.024,0.105,0.871
6877202,0.076,0.341,0.583
6928643,0.001,0.007,0.992
6904977,0.009,0.007,0.984
6890725,0.006,0.063,0.931
6821381,0.013,0.202,0.785
6876184,0.115,0.342,0.543
6900571,0.007,0.077,0.916
6885274,0.0,0.006,0.994
6839484,0.28,0.488,0.232
6940393,0.0,0.042,0.958
6947646,0.1,0.38,0.52
7171492,0.033,0.244,0.723
6929184,0.017,0.163,0.82
6890360,0.061,0.266,0.673
6857523,0.129,0.29,0.581
6913381,0.147,0.487,0.366
6849511,0.093,0.169,0.738
6877504,0.039,0.162,0.799
7140050,0.002,0.086,0.912
6821705,0.042,0.109,0.849
6828363,0.769,0.153,0.078
6834416,0.11,0.253,0.637
6930248,0.035,0.28,0.685
6859894,0.014,0.157,0.829
6812012,0.019,0.02,0.961
7163323,0.006,0.026,0.968
6842540,0.33,0.398,0.272
6868726,0.129,0.32,0.551
6941446,0.037,0.262,0.701
6870488,0.0,0.202,0.798
6839242,0.231,0.319,0.45
7218255,0.009,0.133,0.858
6934549,0.007,0.029,0.964
6889895,0.004,0.025,0.971
6825020,0.052,0.18635,0.7616499999999999
6894947,0.128,0.495,0.377
7140525,0.003,0.04,0.957
6911993,0.001,0.024,0.975
6824037,0.035,0.271,0.694
6882446,0.046,0.189,0.765
6902447,0.009,0.095,0.896
6931156,0.011,0.07,0.919
6857795,0.207,0.162,0.631
6831494,0.004,0.022,0.974
6853601,0.0036666666666666666,0.06433333333333333,0.932
7098382,0.091,0.415,0.494
6896764,0.169,0.413,0.418
6852315,0.001,0.009,0.99
6879859,0.103,0.348,0.549
6823182,0.011,0.097,0.892
7186095,0.249,0.575,0.176
6888297,0.002,0.014,0.984
6862915,0.117,0.386,0.497
6876292,0.021,0.119,0.86
7125390,0.02,0.05,0.93
6894003,0.062,0.311,0.627
6882334,0.026,0.231,0.743
6902258,0.025,0.089,0.886
7202985,0.0,0.004,0.996
6854703,0.092,0.533,0.375
6867192,0.068,0.311,0.621
6891539,0.001,0.009,0.99
6944423,0.395,0.142,0.463
6828554,0.002,0.048,0.95
6909152,0.107,0.186,0.707
6916377,0.0,0.003,0.997
6927731,0.02,0.106,0.874
7207035,0.009,0.495,0.496
6823232,0.007,0.116,0.877
6920352,0.07525,0.604,0.32075
6927006,0.2785,0.3535,0.368
6882569,0.0,0.024,0.976
6930250,0.045,0.18,0.775
6874927,0.001,0.006,0.993
6819605,0.005,0.13875,0.85625
6919792,0.019,0.167,0.814
6865137,0.009,0.572,0.419
7129277,0.02,0.321,0.659
6812483,0.001,0.014,0.985
6939010,0.036,0.48,0.484
6946483,0.017,0.234,0.749
6861585,0.116,0.317,0.567
6939744,0.005,0.08,0.915
6892611,0.069,0.376,0.555
6830977,0.539,0.198,0.263
7128814,0.002,0.009,0.989
6923434,0.019,0.213,0.768
6942315,0.024,0.1495,0.8265
6948509,0.44,0.32,0.24
6890231,0.009,0.069,0.922
6912207,0.022,0.226,0.752
6838584,0.046,0.235,0.719
6847995,0.065,0.233,0.702
6917463,0.02,0.189,0.791
6903844,0.002,0.021,0.977
7157390,0.0695,0.4,0.5305
6855342,0.013,0.125,0.862
6835231,0.204,0.369,0.427
6862121,0.001,0.011,0.988
6945521,0.094,0.486,0.42
6867420,0.019,0.253,0.728
6905101,0.031,0.4923333333333333,0.4766666666666667
6818496,0.062,0.317,0.621
6918925,0.007,0.196,0.797
7123427,0.175,0.5155,0.3095
6814336,0.074,0.399,0.527
6911832,0.00325,0.075,0.92175
6947977,0.047,0.223,0.73
6835357,0.023,0.057,0.92
6893083,0.057,0.514,0.429
6869401,0.002,0.006,0.992
6936872,0.046,0.49,0.464
6943363,0.011,0.041,0.948
6814666,0.05,0.247,0.703
6831228,0.137,0.494,0.369
6930325,0.031,0.249,0.72
7135468,0.128,0.282,0.59
6935649,0.133,0.487,0.38
6842816,0.07033333333333333,0.275,0.6546666666666666
6836648,0.012,0.041,0.947
6843370,0.318,0.466,0.216
6829452,0.016,0.211,0.773
6814410,0.009,0.118,0.873
6861393,0.013,0.14,0.847
6947636,0.069,0.254,0.677
6884926,0.031,0.221,0.748
6948404,0.108,0.328,0.564
6879094,0.2855,0.4485,0.266
6887261,0.10833333333333334,0.33166666666666667,0.56
6926944,0.132,0.447,0.421
6839343,0.076,0.336,0.588
6897753,0.021,0.03,0.949
6831379,0.044,0.215,0.741
6836705,0.03446666666666666,0.3303333333333333,0.6352000000000001
6844690,0.058,0.298,0.644
6828230,0.0,0.005,0.995
6830259,0.20883333333333332,0.4661666666666666,0.325
6932110,0.059,0.497,0.444
6855525,0.488,0.109,0.403
6912282,0.003,0.024,0.973
6887875,0.01,0.154,0.836
6897869,0.004,0.018,0.978
6833923,0.083,0.528,0.389
6938496,0.015,0.141,0.844
6906448,0.0,0.01,0.99
6920599,0.027,0.152,0.821
6931933,0.021,0.083,0.896
7141703,0.253,0.34,0.407
6856601,0.055,0.368,0.577
6861629,0.36854999999999993,0.45744999999999997,0.174
6871574,0.014,0.197,0.789
6813724,0.0205,0.236,0.7435
6881040,0.03,0.063,0.907
6849238,0.045,0.347,0.608
