listing_id,high,medium,low
7142618,0.101,0.346,0.553
7210040,0.197,0.386,0.417
7103890,0.062,0.188,0.75
7143442,0.139,0.33,0.531
6860601,0.023,0.186,0.791
6840081,0.006,0.095,0.899
6922337,0.068,0.654,0.278
6913616,0.21996190476190475,0.5597880952380954,0.22025
6937820,0.068,0.278,0.654
6893933,0.029,0.139,0.832
6832604,0.008,0.034,0.958
6915282,0.227,0.387,0.386
7127565,0.009,0.108,0.883
6827899,0.025,0.115,0.86
6934855,0.006,0.105,0.889
6861826,0.042,0.2995,0.6585
6871643,0.042,0.4343333333333333,0.5236666666666666
6842542,0.004,0.071,0.925
6934145,0.002,0.071,0.927
6829365,0.301,0.373,0.326
7167858,0.037,0.098,0.865
6859483,0.0305,0.3045,0.665
6861377,0.063,0.16,0.777
6848960,0.257,0.283,0.46
6918850,0.014,0.198,0.788
6916867,0.178,0.337,0.485
6895840,0.013511904761904763,0.122,0.8644880952380951
6813539,0.493,0.31,0.197
7116900,0.098,0.31583333333333335,0.5861666666666666
6890328,0.312,0.387,0.301
6879406,0.0825,0.229,0.6885
6824924,0.115,0.361,0.524
6911302,0.093,0.14,0.767
6918742,0.116,0.722,0.162
6910586,0.007,0.16,0.833
6821750,0.013,0.13391666666666666,0.8530833333333333
6860647,0.033,0.6,0.367
6932873,0.06,0.431,0.509
6846053,0.038,0.098,0.864
6940365,0.087,0.285,0.628
6931867,0.003,0.119,0.878
6876383,0.04483333333333333,0.1501666666666667,0.805
6910980,0.1318333333333333,0.5071666666666667,0.361
6880877,0.167,0.535,0.298
6839552,0.032,0.486,0.482
6838051,0.347,0.477,0.176
6928201,0.432,0.363,0.205
6945608,0.132,0.67,0.198
6816147,0.051,0.132,0.817
6868129,0.075,0.323,0.602
6849448,0.034,0.287,0.679
7113677,0.62,0.253,0.127
6930856,0.039,0.127,0.834
6889594,0.048,0.418,0.534
6842682,0.018,0.15566666666666668,0.8263333333333334
6880366,0.131,0.459,0.41
6835063,0.001,0.021,0.978
6820479,0.348,0.291,0.361
6882057,0.032,0.408,0.56
6834440,0.029,0.336,0.635
6880846,0.0,0.011,0.989
6847248,0.002,0.016,0.982
6868368,0.004,0.055,0.941
6943505,0.008,0.064,0.928
7174304,0.046,0.19,0.764
6880747,0.044,0.162,0.794
6933565,0.07,0.361,0.569
6888511,0.007,0.055,0.938
6942704,0.016,0.307,0.677
6840304,0.13,0.39966666666666667,0.4703333333333333
6856860,0.012,0.06,0.928
6884921,0.009,0.02,0.971
6937417,0.014,0.16,0.826
6831129,0.0,0.031,0.969
6936660,0.161,0.652,0.187
6940667,0.007,0.071,0.922
7201307,0.001,0.004,0.995
6825434,0.018,0.114,0.868
6848114,0.066,0.09325,0.8407499999999999
6947758,0.5635833333333333,0.24741666666666667,0.189
6897002,0.064,0.35,0.586
6926661,0.004,0.098,0.898
6867411,0.078,0.305,0.617
6910154,0.016,0.126,0.858
7157900,0.072,0.24,0.688
6922324,0.045,0.40975,0.54525
6863068,0.06016666666666667,0.23383333333333334,0.706
6912109,0.016,0.31,0.674
6918609,0.028,0.202,0.77
6889300,0.151,0.416,0.433
6837794,0.12,0.251,0.629
6943098,0.243,0.274,0.483
6927601,0.089,0.405,0.506
6897826,0.009,0.137,0.854
6882892,0.0,0.034,0.966
6873384,0.2735,0.4655,0.261
6934693,0.033,0.2435,0.7235
7224450,0.042,0.207,0.751
6898157,0.005,0.09,0.905
6837355,0.001,0.039,0.96
6830595,0.209,0.296,0.495
6943561,0.208,0.347,0.445
6844380,0.268,0.446,0.286
6814286,0.054,0.148,0.798
6898520,0.12541666666666665,0.5355833333333333,0.339
6940979,0.4291666666666667,0.2601666666666667,0.3106666666666667
6851090,0.3788333333333333,0.32616666666666666,0.295
7107169,0.026,0.262,0.712
6830287,0.036333333333333336,0.171,0.7926666666666667
6933575,0.196,0.429,0.375
6938972,0.029,0.172,0.799
6888315,0.004,0.053,0.943
6855106,0.009,0.129,0.862
6838237,0.202,0.478,0.32
6901024,0.057,0.22883333333333333,0.7141666666666667
6846627,0.017,0.138,0.845
7219857,0.002,0.044,0.954
6852685,0.03,0.335,0.635
6831610,0.055,0.576,0.369
6943538,0.047,0.522,0.431
6911637,0.007,0.004,0.989
6854543,0.06,0.147,0.793
6940451,0.048,0.379,0.573
6819530,0.463,0.3,0.237
7093396,0.03,0.19666666666666668,0.7733333333333332
6840326,0.049,0.111,0.84
6834204,0.075,0.07733333333333334,0.8476666666666668
6902518,0.131,0.3617,0.5073
6930253,0.10616666666666667,0.213,0.6808333333333334
6828293,0.003,0.077,0.92
7203744,0.541,0.218,0.241
6816478,0.06458333333333334,0.491,0.4444166666666667
6868890,0.012,0.113,0.875
6879338,0.053,0.337,0.61
6898532,0.106,0.255,0.639
6899965,0.01,0.074,0.916
7133875,0.007,0.079,0.914
6822218,0.051,0.358,0.591
6814018,0.07825,0.203,0.71875
6896376,0.089,0.355,0.556
6918670,0.148,0.335,0.517
6867839,0.004,0.028,0.968
6823554,0.004,0.067,0.929
6934798,0.097,0.195,0.708
6820823,0.181,0.53,0.289
6880212,0.03,0.092,0.878
6934814,0.014,0.153,0.833
7254134,0.044,0.165,0.791
6938303,0.21875,0.47725,0.304
6813807,0.13875,0.45225,0.409
6878604,0.009,0.087,0.904
6876763,0.053,0.182,0.765
6844352,0.001,0.064,0.935
6915939,0.208,0.391,0.401
7109370,0.07,0.363,0.567
6855445,0.119,0.228,0.653
6818668,0.011,0.292,0.697
6836527,0.001,0.013,0.986
6831717,0.044,0.226,0.73
6937162,0.114,0.443,0.443
6922876,0.01,0.05,0.94
7109482,0.011,0.289,0.7
6940972,0.107,0.319,0.574
6883790,0.118,0.345,0.537
6921643,0.022,0.259,0.719
6935700,0.019,0.149,0.832
6827025,0.025,0.198,0.777
6943096,0.069,0.143,0.788
7161468,0.027,0.235,0.738
6879610,0.017,0.171,0.812
6935762,0.096,0.371,0.533
6925042,0.027,0.105,0.868
7121050,0.077,0.157,0.766
6821601,0.085,0.173,0.742
6926810,0.013,0.063,0.924
6946532,0.026,0.241,0.733
6875171,0.053,0.43049999999999994,0.5165
7096285,0.14475,0.351,0.5042500000000001
6812321,0.052,0.1905,0.7575
6822697,0.101,0.194,0.705
6941294,0.006,0.191,0.803
6873564,0.011,0.003,0.986
6926791,0.015,0.452,0.533
7142444,0.563,0.38508333333333333,0.05191666666666667
6878128,0.105,0.4296666666666667,0.4653333333333333
6927428,0.032,0.188,0.78
6812674,0.0,0.008,0.992
6881774,0.191,0.429,0.38
7167797,0.001,0.034,0.965
6865238,0.085,0.601,0.314
6841710,0.048,0.239,0.713
6856334,0.005,0.035,0.96
6906462,0.007,0.246,0.747
6837438,0.08155,0.3382,0.58025
6908277,0.144,0.416,0.44
6841291,0.024,0.136,0.84
6915178,0.138,0.615,0.247
6893031,0.208,0.493,0.299
6894985,0.2873333333333334,0.541,0.1716666666666667
6931134,0.09183333333333334,0.3931666666666666,0.515
6872264,0.3,0.333,0.367
6816953,0.12975,0.352,0.5182500000000001
7163518,0.371,0.272,0.357
6893253,0.049,0.3473333333333334,0.6036666666666668
6943822,0.079,0.289,0.632
6946313,0.04,0.166,0.794
6839443,0.012,0.097,0.891
6911338,0.061,0.26033333333333336,0.6786666666666668
7223877,0.478,0.266,0.256
6917884,0.03,0.285,0.685
6823126,0.008,0.026,0.966
6939488,0.16025,0.54,0.29975
7196924,0.027,0.196,0.777
6905685,0.024,0.256,0.72
6894092,0.003,0.029,0.968
6812181,0.049,0.3373333333333333,0.6136666666666666
6854610,0.032,0.338,0.63
6873754,0.121,0.416,0.463
6859181,0.8906000000000001,0.06265,0.04675
6825402,0.012,0.125,0.863
6819526,0.037,0.124,0.839
6896065,0.003,0.04,0.957
6931793,0.071,0.293,0.636
6907360,0.017666666666666667,0.158,0.8243333333333334
6813182,0.02,0.162,0.818
6823959,0.0365,0.21383333333333332,0.7496666666666666
6942189,0.185,0.49,0.325
6844384,0.041,0.13,0.829
6836888,0.298,0.304,0.398
6917844,0.026,0.213,0.761
6937842,0.04,0.426,0.534
6926917,0.105,0.382,0.513
7160740,0.047,0.141,0.812
6936310,0.049,0.497,0.454
6849109,0.205,0.397,0.398
6831018,0.0,0.028,0.972
6909842,0.001,0.089,0.91
6861360,0.001,0.034,0.965
6883414,0.033,0.285,0.682
6876026,0.088,0.235,0.677
7095390,0.0,0.002,0.998
6932265,0.431,0.375,0.194
6870949,0.101,0.303,0.596
6831335,0.022,0.24,0.738
6895698,0.064,0.315,0.621
6889889,0.164,0.204,0.632
6876679,0.054,0.175,0.771
6947097,0.1025,0.3915,0.506
6874970,0.036,0.066,0.898
6831069,0.182,0.728,0.09
6833628,0.041,0.104,0.855
6819282,0.128,0.38,0.492
6825025,0.021,0.175,0.804
6856513,0.027,0.215,0.758
6928711,0.001,0.017,0.982
6832548,0.089,0.322,0.589
6881870,0.015,0.245,0.74
6866978,0.27,0.522,0.208
7163400,0.371,0.272,0.357
6917187,0.21575,0.532,0.25225
6927475,0.034,0.297,0.669
6903243,0.021,0.318,0.661
6876188,0.01,0.084,0.906
6922219,0.027,0.111,0.862
7104085,0.001,0.001,0.998
6920897,0.06,0.42,0.52
6812177,0.069,0.219,0.712
6941047,0.106,0.569,0.325
6827609,0.01,0.078,0.912
6934328,0.013,0.102,0.885
6937556,0.423,0.427,0.15
6879765,0.074,0.632,0.294
6942927,0.008,0.067,0.925
6945170,0.047,0.2834,0.6696
6901915,0.079,0.413,0.508
6824475,0.05071428571428572,0.3912857142857143,0.558
6832968,0.054,0.3915,0.5545
7166718,0.0,0.051,0.949
6905079,0.019,0.181,0.8
6940297,0.09566666666666668,0.73,0.17433333333333334
6911080,0.046,0.511,0.443
6917208,0.019,0.229,0.752
6858925,0.085,0.667,0.248
7169883,0.138,0.488,0.374
6944112,0.264,0.441,0.295
6885816,0.017,0.18,0.803
6837733,0.052,0.067,0.881
6828658,0.098,0.242,0.66
6839429,0.17,0.365,0.465
7164794,0.022,0.137,0.841
6837661,0.10833333333333334,0.259,0.6326666666666666
6883255,0.022,0.178,0.8
6833054,0.065,0.437,0.498
7675463,0.116,0.41,0.474
6871526,0.264,0.114,0.622
6876295,0.071,0.268,0.661
7204045,0.001,0.101,0.898
6840357,0.133,0.3797,0.4873
6917531,0.002,0.086,0.912
6886057,0.3879166666666667,0.38425,0.22783333333333333
6833734,0.06,0.353,0.587
6908098,0.031,0.162,0.807
6860562,0.01,0.092,0.898
6859167,0.127,0.3112,0.5618
6812141,0.007,0.11779999999999999,0.8752
6919431,0.002,0.062,0.936
6869389,0.06,0.23,0.71
6906034,0.026,0.115,0.859
7108495,0.0,0.003,0.997
6864681,0.006,0.093,0.901
6893982,0.039,0.16741666666666666,0.7935833333333334
6862160,0.02,0.202,0.778
6854804,0.106,0.255,0.639
7143164,0.007,0.484,0.509
6936651,0.055,0.141,0.804
6837450,0.041,0.191,0.768
6908259,0.758,0.0955,0.1465
6916539,0.073,0.229,0.698
6947176,0.09,0.189,0.721
6933958,0.297,0.465,0.238
6816549,0.218,0.547,0.235
6876117,0.002,0.11,0.888
6848605,0.028,0.257,0.715
6840659,0.038,0.10166666666666667,0.8603333333333334
6823496,0.245,0.503,0.252
6912609,0.001,0.005,0.994
7097937,0.024,0.063,0.913
6924524,0.042,0.302,0.656
6938236,0.032,0.089,0.879
6865751,0.002,0.007,0.991
6936323,0.014,0.184,0.802
6868422,0.2089666666666667,0.4785333333333333,0.3125
7210133,0.0285,0.3505,0.621
7215631,0.007,0.052,0.941
6940189,0.029,0.301,0.67
6888941,0.0,0.04,0.96
6831598,0.058,0.428,0.514
6939963,0.021,0.182,0.797
6897175,0.449,0.322,0.229
6816167,0.058,0.119,0.823
6812965,0.032,0.19,0.778
7149372,0.391,0.392,0.217
6875959,0.006,0.038,0.956
6925644,0.057,0.367,0.576
6874269,0.073,0.269,0.658
6814721,0.027,0.182,0.791
6922432,0.02,0.374,0.606
6858861,0.027,0.151,0.822
6835339,0.0,0.0,1.0
6896997,0.252,0.24,0.508
6921134,0.0,0.031,0.969
6883685,0.348,0.327,0.325
6911406,0.0,0.009,0.991
6825733,0.388,0.362,0.25
6884462,0.1383333333333333,0.5576666666666668,0.304
6858682,0.021,0.075,0.904
6894013,0.265,0.399,0.336
6856391,0.216,0.351,0.433
6828064,0.002,0.054,0.944
6817336,0.001,0.04633333333333334,0.9526666666666667
6819178,0.07,0.258,0.672
7147339,0.129,0.408,0.463
6887757,0.136,0.476,0.388
6946859,0.048,0.316,0.636
6855963,0.028,0.079,0.893
6839828,0.121,0.607,0.272
6870806,0.208,0.536,0.256
6880221,0.064,0.345,0.591
6921809,0.035,0.37,0.595
6897069,0.019,0.1636,0.8174
6897157,0.298,0.313,0.389
6898912,0.039,0.215,0.746
6856271,0.203,0.2938333333333334,0.5031666666666667
6888381,0.0,0.012,0.988
7099191,0.001,0.072,0.927
6917882,0.236,0.3113333333333333,0.45266666666666666
6931260,0.002,0.028,0.97
6849996,0.078,0.4,0.522
6887973,0.068,0.225,0.707
6850205,0.198,0.562,0.24
6845657,0.067,0.31333333333333335,0.6196666666666667
6930302,0.012,0.04,0.948
6852391,0.0645,0.2705,0.665
6920411,0.299,0.301,0.4
6907999,0.01,0.062,0.928
6864094,0.021,0.287,0.692
6813852,0.03925,0.43975,0.521
7232295,0.236,0.419,0.345
6896558,0.036,0.119,0.845
6858919,0.058,0.568,0.374
6847828,0.035,0.183,0.782
6925116,0.153,0.219,0.628
6854687,0.057,0.212,0.731
6946415,0.076,0.471,0.453
6827859,0.0,0.002,0.998
6884313,0.2765666666666667,0.5711,0.15233333333333335
6848651,0.032,0.487,0.481
7136298,0.021,0.155,0.824
6874534,0.011,0.109,0.88
6908942,0.24794999999999998,0.4937166666666667,0.25833333333333336
6894718,0.001,0.052,0.947
6876449,0.141,0.299,0.56
6825630,0.117,0.3159166666666667,0.5670833333333333
7155655,0.048,0.19,0.762
7201310,0.018,0.098,0.884
6864334,0.02,0.148,0.832
6876658,0.015,0.093,0.892
6842370,0.094,0.17066666666666666,0.7353333333333334
6835467,0.285,0.3373333333333333,0.3776666666666667
7227368,0.056,0.075,0.869
6859482,0.089,0.34975,0.56125
6878641,0.04,0.1,0.86
6869916,0.0,0.003,0.997
6841060,0.012,0.155,0.833
6887832,0.017,0.119,0.864
6905898,0.03,0.042,0.928
7104742,0.241,0.5011666666666666,0.2578333333333333
6948090,0.014,0.196,0.79
6839851,0.09,0.371,0.539
6934051,0.004,0.055,0.941
6888727,0.296,0.342,0.362
7167478,0.032,0.073,0.895
6892109,0.05,0.753,0.197
6908544,0.34,0.2605,0.3995
6921725,0.024,0.256,0.72
6932343,0.128,0.198,0.674
6914309,0.01,0.16219999999999998,0.8278
6919805,0.106,0.179,0.715
6947828,0.061,0.173,0.766
6920362,0.023,0.161,0.816
7110179,0.619,0.179,0.202
6877834,0.277,0.425,0.298
6876966,0.122,0.21,0.668
6823918,0.027,0.093,0.88
6871243,0.009,0.031,0.96
6928189,0.225,0.32,0.455
6852455,0.165,0.318,0.517
7208631,0.051,0.278,0.671
6831811,0.139,0.683,0.178
6904276,0.019,0.102,0.879
6831589,0.071,0.224,0.705
6901814,0.023,0.131,0.846
6854667,0.642,0.27,0.088
7192650,0.003,0.044,0.953
6836299,0.031,0.17825,0.79075
6887919,0.009,0.131,0.86
6927679,0.083,0.4,0.517
6855908,0.077,0.206,0.717
6854766,0.002,0.062,0.936
6847472,0.057,0.264,0.679
6862519,0.066,0.252,0.682
6938819,0.305,0.351,0.344
6945434,0.09833333333333334,0.243,0.6586666666666667
6832722,0.65,0.133,0.217
6852707,0.016,0.08,0.904
7177680,0.018,0.172,0.81
6834945,0.008,0.021,0.971
6890316,0.05,0.368,0.582
6816620,0.006,0.038,0.956
6945175,0.016,0.112,0.872
6914016,0.035,0.244,0.721
6852619,0.12265000000000001,0.24234999999999998,0.635
6813211,0.1235,0.437,0.4395
6820546,0.025,0.146,0.829
6836128,0.015,0.051,0.934
6850557,0.156,0.455,0.389
6864997,0.043,0.157,0.8
6883705,0.032,0.118,0.85
6898767,0.006333333333333334,0.075,0.9186666666666666
6866020,0.03,0.15,0.82
7126382,0.57,0.2315,0.1985
6847427,0.11,0.46,0.43
6841013,0.044,0.231,0.725
6909469,0.0,0.011,0.989
6922473,0.004,0.018,0.978
6925906,0.04,0.307,0.653
6946014,0.126,0.268,0.606
6820739,0.061,0.286,0.653
6927559,0.207,0.356,0.437
7174772,0.014,0.147,0.839
6931036,0.018,0.303,0.679
6918163,0.017,0.185,0.798
6893604,0.141,0.24,0.619
6868844,0.078,0.2753333333333334,0.6466666666666666
6814537,0.581,0.239,0.18
6916118,0.01,0.014,0.976
6838509,0.038,0.28,0.682
6919725,0.178,0.519,0.303
6932476,0.0,0.013,0.987
6860496,0.009,0.675,0.316
7156799,0.094,0.62,0.286
6837521,0.014,0.2165,0.7695
6913204,0.025,0.4106666666666667,0.5643333333333332
6947516,0.033,0.434,0.533
6838117,0.039,0.229,0.732
6933366,0.006,0.188,0.806
7134198,0.063,0.315,0.622
6898450,0.065,0.437,0.498
6819926,0.048,0.152,0.8
6947698,0.031,0.203,0.766
6838721,0.002,0.012,0.986
6936661,0.057,0.556,0.387
6912257,0.025,0.154,0.821
6905569,0.001,0.033,0.966
6927167,0.337,0.322,0.341
7150689,0.028,0.049,0.923
6820358,0.177,0.186,0.637
6945045,0.049666666666666665,0.254,0.6963333333333334
6866884,0.037,0.138,0.825
6820658,0.066,0.196,0.738
6826462,0.046,0.401,0.553
6932390,0.096,0.367,0.537
6905031,0.684,0.245,0.071
6923011,0.004,0.077,0.919
6908504,0.181,0.438,0.381
6881050,0.3548333333333334,0.178,0.4671666666666667
6892968,0.031,0.114,0.855
7346996,0.154,0.436,0.41
6876206,0.029,0.149,0.822
6813475,0.073,0.33675,0.59025
7190057,0.078,0.1374166666666667,0.7845833333333334
6838465,0.1235,0.4845,0.392
6899364,0.054,0.085,0.861
6891616,0.0005,0.001,0.9985
6836715,0.016,0.147,0.837
6829616,0.004,0.124,0.872
6829144,0.033,0.497,0.47
6893064,0.014,0.206,0.78
6861300,0.002,0.131,0.867
6926847,0.029,0.388,0.583
6894021,0.012,0.131,0.857
6897946,0.034,0.242,0.724
6835716,0.095,0.381,0.524
6832160,0.407,0.355,0.238
6835291,0.034,0.139,0.827
6945184,0.033,0.184,0.783
7140488,0.032,0.316,0.652
6937850,0.127,0.3275,0.5455
6899603,0.048,0.0985,0.8535
6903105,0.104,0.35425,0.54175
6828476,0.009,0.135,0.856
6835098,0.004,0.026,0.97
6830512,0.0495,0.21566666666666665,0.7348333333333333
6879997,0.017,0.052,0.931
7131517,0.052,0.366,0.582
6835955,0.192,0.48055000000000003,0.32744999999999996
6875250,0.034,0.082,0.884
6932794,0.049,0.331,0.62
6948263,0.055,0.524,0.421
6867201,0.257,0.509,0.234
6882748,0.177,0.145,0.678
6902842,0.135,0.226,0.639
6847535,0.027,0.488,0.485
6825267,0.052,0.17725,0.77075
6909277,0.07366666666666667,0.07933333333333333,0.847
7152429,0.463,0.35225,0.18475
6931179,0.003,0.022,0.975
6896746,0.239,0.348,0.413
6937073,0.006,0.071,0.923
6934627,0.002,0.008,0.99
6887878,0.106,0.466,0.428
6921531,0.025,0.182,0.793
6897461,0.004,0.023,0.973
6862066,0.194,0.356,0.45
6851531,0.096,0.39633333333333337,0.5076666666666666
6928550,0.056,0.115,0.829
6945851,0.027,0.099,0.874
6946955,0.013,0.035,0.952
6869136,0.1855,0.5625,0.252
6908667,0.041,0.26435,0.69465
6820525,0.1,0.33175,0.56825
6887970,0.15,0.527,0.323
6848365,0.037,0.481,0.482
6816173,0.043,0.22,0.737
6900732,0.0,0.008,0.992
6815786,0.102,0.346,0.552
6945972,0.13153333333333334,0.4284666666666667,0.44
6848445,0.057,0.134,0.809
6856486,0.13235,0.4525666666666667,0.4150833333333333
6867010,0.039,0.277,0.684
6828257,0.315,0.165,0.52
6871807,0.029,0.256,0.715
7212966,0.0,0.019,0.981
6889959,0.202,0.325,0.473
6915510,0.008,0.107,0.885
6905402,0.007,0.115,0.878
6826100,0.117,0.4575,0.4255
6848893,0.063,0.38966666666666666,0.5473333333333333
7155647,0.307,0.208,0.485
6812883,0.11387857142857145,0.7171214285714287,0.169
6866095,0.006,0.038,0.956
6931127,0.01,0.108,0.882
6829407,0.021,0.17526666666666665,0.8037333333333333
6867548,0.4667666666666667,0.30698333333333333,0.22625
7132575,0.043,0.274,0.683
6890847,0.036666666666666674,0.14833333333333332,0.815
6916429,0.013,0.028,0.959
6884716,0.5198333333333333,0.3398333333333334,0.1403333333333333
6896897,0.252,0.489,0.259
6941572,0.096,0.16,0.744
6945277,0.115,0.46,0.425
7133293,0.006,0.07,0.924
7213385,0.007,0.106,0.887
6831928,0.127,0.2773333333333333,0.5956666666666667
6932687,0.01,0.114,0.876
6873877,0.016,0.101,0.883
7135459,0.295,0.331,0.374
6876620,0.0,0.043,0.957
6936163,0.0085,0.143,0.8485
6912398,0.229,0.236,0.535
6917655,0.015,0.133,0.852
6941149,0.03,0.103,0.867
6941378,0.027,0.083,0.89
6882453,0.009,0.146,0.845
7119160,0.053,0.157,0.79
6868451,0.071,0.425,0.504
6945881,0.058,0.272,0.67
6822541,0.062,0.189,0.749
6884355,0.0695,0.5405,0.39
7132247,0.034,0.215,0.751
6872049,0.094,0.409,0.497
6890740,0.019,0.099,0.882
6840897,0.09,0.226,0.684
6847694,0.026,0.099,0.875
6938196,0.016,0.277,0.707
6939526,0.041,0.371,0.588
6917529,0.004,0.024,0.972
6885636,0.01,0.141,0.849
7202614,0.001,0.019,0.98
6926453,0.137,0.441,0.422
6844636,0.25425,0.21775,0.528
6879293,0.52,0.259,0.221
6924780,0.142,0.21675,0.64125
6881024,0.019,0.063,0.918
6851374,0.055,0.428,0.517
6850953,0.02,0.108,0.872
6892292,0.00525,0.109,0.8857499999999999
6886159,0.009,0.103,0.888
6849877,0.21616666666666665,0.30483333333333335,0.479
6940840,0.017,0.137,0.846
6926838,0.038,0.352,0.61
6879243,0.147,0.468,0.385
6944286,0.098,0.400247619047619,0.501752380952381
6915587,0.20813333333333334,0.5842,0.20766666666666667
6881904,0.103,0.2970833333333333,0.5999166666666667
7154358,0.187,0.324,0.489
6899258,0.008,0.048,0.944
6855460,0.228,0.583,0.189
6864884,0.023,0.165,0.812
6868209,0.188,0.248,0.564
6853834,0.036,0.35,0.614
7210020,0.096,0.348,0.556
6933228,0.04,0.224,0.736
6929227,0.1175,0.22871666666666668,0.6537833333333333
7192346,0.143,0.195,0.662
6928834,0.008,0.131,0.861
6812269,0.018,0.155,0.827
6851446,0.037,0.176,0.787
6930820,0.001,0.026,0.973
6875310,0.199,0.208,0.593
6932397,0.101,0.401,0.498
6904291,0.001,0.035,0.964
6921642,0.04,0.627,0.333
7136057,0.3,0.104,0.596
6920815,0.012,0.0994,0.8886000000000001
6861757,0.154,0.59,0.256
6934222,0.272,0.4678333333333333,0.2601666666666666
6946448,0.048,0.324,0.628
6890569,0.284,0.246,0.47
6884477,0.059,0.373,0.568
7145006,0.001,0.084,0.915
6893718,0.0,0.035,0.965
6893330,0.02,0.142,0.838
6901780,0.005,0.046,0.949
6815738,0.1265,0.44793333333333335,0.42556666666666665
6917209,0.075,0.30933333333333335,0.6156666666666667
6904227,0.005,0.015,0.98
6894402,0.0,0.044,0.956
7146083,0.069,0.142,0.789
6902153,0.02,0.101,0.879
6925988,0.084,0.317,0.599
6881323,0.0,0.0,1.0
6937405,0.309,0.267,0.424
7098390,0.127,0.469,0.404
6935942,0.146,0.431,0.423
6833510,0.04,0.3888333333333333,0.5711666666666667
6812857,0.0978,0.471,0.43119999999999997
6828441,0.1115,0.3065,0.582
6915711,0.1794,0.5906,0.23
6880643,0.211,0.431,0.358
7224930,0.093,0.365,0.542
6852614,0.002,0.059,0.939
6853816,0.126,0.212,0.662
6811964,0.143,0.264,0.593
6847800,0.013,0.044,0.943
6859897,0.089,0.36333333333333334,0.5476666666666667
6882929,0.003,0.044,0.953
7157584,0.003,0.086,0.911
6863444,0.005,0.026,0.969
6836902,0.002,0.04,0.958
6918960,0.09595833333333333,0.27604166666666663,0.628
6882854,0.056,0.285,0.659
6822755,0.01,0.048,0.942
6815184,0.11170833333333333,0.348,0.5402916666666666
6846582,0.077,0.17,0.753
6940309,0.017,0.08,0.903
6924056,0.004,0.112,0.884
6824481,0.006,0.157,0.837
6839735,0.002,0.057333333333333326,0.9406666666666668
6900130,0.024,0.136,0.84
6946739,0.016,0.014,0.97
7144008,0.038,0.172,0.79
6863751,0.009,0.032,0.959
6820293,0.032,0.29,0.678
6818472,0.012,0.169,0.819
6832420,0.033,0.165,0.802
6879450,0.0,0.064,0.936
6943618,0.014,0.24,0.746
6883463,0.02,0.263,0.717
6834919,0.19475,0.30551666666666666,0.49973333333333336
7505696,0.014,0.043,0.943
6903645,0.043,0.26,0.697
6831148,0.378,0.2755,0.3465
6828948,0.043,0.157,0.8
6878495,0.004,0.106,0.89
6924862,0.006,0.022,0.972
6887802,0.026,0.295,0.679
6903228,0.73,0.179,0.091
6947415,0.0,0.014,0.986
6941508,0.3235,0.3925,0.284
6856111,0.01,0.335,0.655
7126808,0.027,0.126,0.847
6939857,0.013,0.124,0.863
6822528,0.238,0.423,0.339
6947631,0.227,0.2935,0.4795
6887810,0.003,0.141,0.856
6849210,0.03,0.38,0.59
6901742,0.0,0.037,0.963
6850925,0.36966666666666664,0.35933333333333334,0.271
7181995,0.164,0.297,0.539
6841559,0.003,0.024,0.973
6822957,0.076,0.075,0.849
6943349,0.021,0.101,0.878
6923825,0.02,0.073,0.907
6871218,0.2853333333333334,0.2966666666666667,0.418
6932761,0.234,0.393,0.373
7168983,0.095,0.218,0.687
6853713,0.24381428571428573,0.44518571428571424,0.311
6814124,0.052,0.318,0.63
6828980,0.005,0.084,0.911
6939747,0.009,0.19325,0.79775
6862615,0.087,0.34,0.573
6911182,0.027,0.134,0.839
6947421,0.067,0.165,0.768
7163662,0.001,0.004,0.995
6933362,0.086,0.328,0.586
6822086,0.021,0.112,0.867
6939543,0.094,0.221,0.685
6882675,0.043,0.381,0.576
6925986,0.009,0.112,0.879
6927417,0.076,0.522,0.402
6824119,0.249,0.319,0.432
6923589,0.059,0.309,0.632
7205380,0.005,0.059,0.936
6904992,0.03,0.16,0.81
6857676,0.065,0.464,0.471
6942001,0.038,0.5612000000000001,0.40080000000000005
7187800,0.014,0.227,0.759
6877985,0.42466666666666664,0.31861666666666666,0.2567166666666667
6821414,0.043,0.101,0.856
6864512,0.002,0.101,0.897
6827448,0.03,0.228,0.742
6908603,0.011,0.191,0.798
7229431,0.039,0.218,0.743
6887335,0.006,0.046,0.948
6882828,0.04,0.502,0.458
6899958,0.025,0.20966666666666667,0.7653333333333334
6824008,0.054,0.403,0.543
6903906,0.208,0.251,0.541
7115894,0.119,0.771,0.11
6941723,0.016,0.227,0.757
6839785,0.094,0.582,0.324
6886776,0.007,0.15,0.843
6916643,0.004,0.058,0.938
6913846,0.048,0.373,0.579
6890122,0.022,0.07,0.908
6835099,0.011,0.07925,0.90975
6945428,0.073,0.431,0.496
6887669,0.045,0.306,0.649
6935132,0.002,0.004,0.994
6857587,0.064,0.247,0.689
6935498,0.068,0.316,0.616
6947868,0.2045,0.439,0.3565
6850003,0.047,0.503,0.45
6852354,0.301,0.264,0.435
6919832,0.01,0.227,0.763
6812510,0.042,0.115,0.843
6896715,0.116,0.26966666666666667,0.6143333333333334
7227507,0.058,0.176,0.766
6887453,0.037,0.171,0.792
6921056,0.105,0.192,0.703
6932635,0.277,0.501,0.222
6893393,0.0,0.068,0.932
6940659,0.042,0.188,0.77
6891517,0.003,0.021,0.976
6818991,0.032,0.244,0.724
6899307,0.121,0.286,0.593
7175517,0.021,0.066,0.913
6895415,0.045,0.107,0.848
6945124,0.024,0.333,0.643
6878796,0.021,0.208,0.771
6901435,0.056,0.465,0.479
7098987,0.179,0.282,0.539
6868925,0.1,0.251,0.649
6862452,0.28726666666666667,0.4013333333333334,0.31139999999999995
6904865,0.001,0.017,0.982
6872445,0.022,0.294,0.684
6816856,0.044,0.086,0.87
6910410,0.0,0.076,0.924
6847518,0.023,0.377,0.6
6860992,0.013,0.06731666666666666,0.9196833333333333
7093387,0.03,0.245,0.725
6891540,0.206,0.252,0.542
6928645,0.021,0.084,0.895
6874105,0.014,0.129,0.857
6819576,0.05366666666666667,0.29633333333333334,0.6499999999999999
6817538,0.0,0.015,0.985
6819741,0.46925,0.25275,0.278
6878626,0.124,0.385,0.491
6901210,0.049,0.145,0.806
6888879,0.029,0.528,0.443
6888947,0.061,0.568,0.371
6883374,0.002,0.025,0.973
6836031,0.021,0.147,0.832
6851387,0.001,0.015,0.984
6907149,0.034,0.25,0.716
6882595,0.3655,0.179,0.4555
6816916,0.048,0.256,0.696
6878470,0.0,0.047,0.953
6865752,0.015,0.125,0.86
7217321,0.216,0.331,0.453
6944366,0.127,0.2365,0.6365
6918425,0.165,0.439,0.396
6821736,0.084,0.291,0.625
6936271,0.054,0.653,0.293
6874179,0.142,0.3226666666666667,0.5353333333333333
7135281,0.046,0.081,0.873
6942663,0.179,0.392,0.429
6903026,0.1045,0.1815,0.714
6824421,0.012,0.089,0.899
6820128,0.003,0.335,0.662
6850604,0.032,0.185,0.783
7120955,0.008,0.039,0.953
6847409,0.049,0.205,0.746
7056210,0.014,0.114,0.872
6939935,0.014,0.041,0.945
6844699,0.041,0.325,0.634
6833246,0.084,0.2935,0.6225
6845220,0.101,0.478,0.421
6824273,0.268,0.618,0.114
6873326,0.1875,0.3325,0.48
6941227,0.003,0.133,0.864
6899355,0.0,0.022,0.978
6880235,0.13,0.258,0.612
6850018,0.052,0.359,0.589
6818489,0.112,0.305,0.583
7159592,0.009,0.115,0.876
7200711,0.077,0.278,0.645
6842278,0.006,0.094,0.9
6829488,0.007,0.087,0.906
6916976,0.045,0.161,0.794
6863573,0.026,0.136,0.838
6900303,0.0,0.002,0.998
6830686,0.229,0.298,0.473
7088285,0.319,0.286,0.395
6875119,0.204,0.287,0.509
6852969,0.012,0.125,0.863
6834964,0.0,0.001,0.999
6888066,0.025333333333333336,0.29366666666666663,0.681
6862580,0.028,0.203,0.769
6902903,0.061,0.308,0.631
6940227,0.023,0.186,0.791
7094978,0.043,0.236,0.721
6849775,0.034,0.141,0.825
6852514,0.054,0.302,0.644
6908752,0.251,0.386,0.363
6926813,0.016,0.544,0.44
6867168,0.066,0.192,0.742
6916938,0.002,0.139,0.859
7217282,0.503,0.26933333333333337,0.22766666666666666
6830318,0.576,0.239,0.185
6841129,0.101,0.3421666666666667,0.5568333333333334
6933898,0.038,0.418,0.544
6852224,0.141,0.289,0.57
6855108,0.322,0.522,0.156
6857681,0.084,0.411,0.505
7167282,0.002,0.027,0.971
6939214,0.121,0.217,0.662
6922283,0.201,0.479,0.32
6859605,0.002,0.084,0.914
6904148,0.061,0.274,0.665
6882954,0.093,0.497,0.41
6939093,0.005,0.12,0.875
6831383,0.012,0.136,0.852
6894471,0.0,0.026,0.974
6931008,0.067,0.508,0.425
6838588,0.029,0.229,0.742
6851730,0.002,0.077,0.921
6911988,0.006,0.071,0.923
6814325,0.054,0.418,0.528
6838809,0.254,0.401,0.345
6822777,0.052,0.38058333333333333,0.5674166666666668
6887378,0.05366666666666666,0.38935000000000003,0.5569833333333334
6913098,0.003,0.052,0.945
6936520,0.22241666666666665,0.5087083333333333,0.268875
6837850,0.115,0.226,0.659
6918818,0.003,0.244,0.753
6897497,0.002,0.026,0.972
6936577,0.077,0.485,0.438
6826594,0.122,0.621,0.257
6865047,0.021,0.186,0.793
6823879,0.097,0.367,0.536
6914868,0.713,0.204,0.083
6863654,0.0,0.021,0.979
6907061,0.076,0.296,0.628
7180725,0.04,0.167,0.793
7205244,0.039,0.262,0.699
6856962,0.126,0.167,0.707
6885323,0.011,0.013,0.976
6912379,0.723,0.143,0.134
6858148,0.034,0.119,0.847
6814582,0.047,0.378,0.575
6940703,0.04,0.21,0.75
7181144,0.043,0.4706666666666667,0.4863333333333334
6825868,0.058,0.182,0.76
6889020,0.066,0.279,0.655
6869287,0.001,0.01,0.989
6871054,0.108,0.301,0.591
6870018,0.008,0.118,0.874
6895217,0.059,0.26,0.681
6855875,0.039266666666666665,0.19873333333333332,0.762
7185369,0.037,0.364,0.599
6848724,0.055,0.199,0.746
6912010,0.051,0.565,0.384
6911483,0.04425,0.46375,0.492
6826557,0.023,0.0985,0.8785
6893666,0.007,0.06,0.933
6946801,0.081,0.252,0.667
6871189,0.01,0.02,0.97
6844700,0.199,0.629,0.172
6832474,0.014,0.066,0.92
6922129,0.034,0.148,0.818
6941269,0.06,0.207,0.733
6850111,0.023,0.10766666666666667,0.8693333333333334
6871721,0.008,0.066,0.926
6834277,0.001,0.001,0.998
6815020,0.079,0.2315214285714286,0.6894785714285712
6839790,0.117,0.479,0.404
6929149,0.006,0.085,0.909
6832299,0.11433333333333334,0.268,0.6176666666666666
6908265,0.007,0.126,0.867
6819513,0.045,0.219,0.736
6922046,0.073,0.175,0.752
6911700,0.005,0.147,0.848
7132375,0.278,0.419,0.303
6826330,0.033,0.635,0.332
6892358,0.1484,0.5446,0.307
6844735,0.06566666666666665,0.31833333333333336,0.616
6830282,0.009,0.067,0.924
6831883,0.002,0.012,0.986
6861551,0.165,0.374,0.461
6857472,0.003,0.046,0.951
6844170,0.14815,0.43284999999999996,0.419
6870992,0.048,0.201,0.751
6824420,0.121,0.262,0.617
6842673,0.008,0.139,0.853
6870166,0.6068333333333332,0.1681666666666667,0.225
6923521,0.033,0.237,0.73
6923067,0.021,0.532,0.447
7102369,0.033,0.6566666666666667,0.31033333333333335
6918324,0.018,0.043,0.939
6875753,0.003,0.045,0.952
6858106,0.089,0.464,0.447
6945544,0.025,0.238,0.737
6843762,0.0,0.002,0.998
6916249,0.005,0.19,0.805
6881283,0.10508333333333333,0.2409166666666667,0.654
6905410,0.008,0.069,0.923
6892408,0.17773333333333335,0.21926666666666667,0.603
6930990,0.196,0.568,0.236
6835400,0.008,0.007,0.985
6867680,0.031,0.45,0.519
6910555,0.015,0.055,0.93
7178838,0.061,0.179,0.76
6925050,0.014,0.301,0.685
6831230,0.5225,0.33375,0.14375
6884393,0.4280833333333333,0.18591666666666667,0.386
6850763,0.192,0.397375,0.410625
6835259,0.004,0.004,0.992
6878793,0.004,0.011,0.985
6843709,0.063,0.423,0.514
6880861,0.1,0.498,0.402
6927246,0.103,0.384,0.513
6884364,0.16105,0.5019499999999999,0.337
6932934,0.01,0.059,0.931
6943694,0.184,0.378,0.438
6831730,0.006,0.021,0.973
6844928,0.14,0.467,0.393
6885511,0.147,0.362,0.491
6844807,0.239,0.51,0.251
6817080,0.017,0.071,0.912
6851413,0.062,0.196,0.742
6918623,0.015,0.211,0.774
6932080,0.323,0.389,0.288
7117345,0.004,0.013,0.983
6821425,0.087,0.2895,0.6235
6924403,0.02,0.139,0.841
6854123,0.024,0.155,0.821
6852889,0.151,0.099,0.75
6866387,0.024,0.15,0.826
6858128,0.09,0.17,0.74
6905129,0.059,0.42,0.521
6932035,0.083,0.242,0.675
6884265,0.17596666666666663,0.5210333333333333,0.303
6936966,0.081,0.35752142857142843,0.5614785714285714
6881098,0.0338,0.123,0.8432000000000001
6869941,0.009,0.168,0.823
6864713,0.011,0.061,0.928
6905259,0.014,0.122,0.864
6889865,0.018,0.621,0.361
6870562,0.134,0.372,0.494
7124351,0.033,0.149,0.818
6857644,0.006,0.06,0.934
6891045,0.441,0.318,0.241
6929039,0.0595,0.4145,0.526
6916229,0.003,0.027,0.97
6833556,0.317,0.375,0.308
6838951,0.116,0.462,0.422
6868487,0.073,0.203,0.724
6869690,0.27,0.385,0.345
6864005,0.13465,0.337,0.52835
6923234,0.085,0.312,0.603
6827182,0.098,0.218,0.684
7146069,0.027,0.1445,0.8285
6890503,0.012,0.053,0.935
6911066,0.051,0.4290857142857142,0.5199142857142857
6876163,0.069,0.282,0.649
6920433,0.049,0.417,0.534
6826987,0.118,0.337,0.545
6831058,0.028,0.162,0.81
6944184,0.016,0.107,0.877
6868480,0.043,0.114,0.843
7097198,0.023,0.104,0.873
6914595,0.06,0.349,0.591
6879535,0.013,0.179,0.808
6900971,0.005,0.053,0.942
6878555,0.11231666666666669,0.28968333333333335,0.598
6839324,0.108,0.304,0.588
6819925,0.009,0.061,0.93
6839386,0.06,0.17,0.77
6825584,0.047,0.318,0.635
7201758,0.039,0.138,0.823
6864463,0.141,0.521,0.338
6815348,0.0,0.002,0.998
6820756,0.09,0.321,0.589
6858699,0.023,0.286,0.691
6843115,0.073,0.05671428571428572,0.8702857142857142
6850824,0.011,0.089,0.9
6937635,0.013,0.136,0.851
6828911,0.048,0.081,0.871
7154618,0.02,0.08,0.9
6939143,0.238,0.318,0.444
6823169,0.006,0.127,0.867
6924844,0.082,0.541,0.377
6815925,0.185,0.37625,0.43875
6947389,0.0,0.004,0.996
7203267,0.194,0.28025,0.52575
6825953,0.161,0.322,0.517
6833542,0.033,0.4215,0.5455
6854302,0.003,0.068,0.929
6843122,0.142,0.192,0.666
6851851,0.049,0.119,0.832
6879971,0.085,0.1545,0.7605
7136227,0.0,0.008,0.992
6925138,0.037,0.20325,0.75975
6875050,0.018,0.081,0.901
6935199,0.186,0.424,0.39
6848027,0.03,0.411,0.559
6904795,0.4445,0.2855,0.27
6818781,0.046,0.131,0.823
6871081,0.3035,0.3755,0.321
6888945,0.01,0.386,0.604
6925993,0.043,0.155,0.802
6928183,0.227,0.363,0.41
6847449,0.001,0.038,0.961
6857762,0.04,0.42,0.54
6942172,0.07333333333333333,0.24866666666666667,0.678
6916747,0.02,0.152,0.828
6813002,0.193,0.178,0.629
6923932,0.0,0.002,0.998
6939669,0.121,0.251,0.628
6854566,0.057,0.161,0.782
6909019,0.071,0.477,0.452
6869921,0.0,0.005,0.995
6864519,0.026,0.431,0.543
6849438,0.039,0.161,0.8
6916590,0.06733333333333334,0.482,0.4506666666666666
6947299,0.083,0.221,0.696
7152604,0.0,0.001,0.999
6894914,0.294,0.248,0.458
6914502,0.022,0.017,0.961
6820113,0.428,0.167,0.405
6924106,0.009,0.234,0.757
6840817,0.06791666666666665,0.172,0.7600833333333333
6913090,0.101,0.392,0.507
6934517,0.126,0.469,0.405
7152770,0.0,0.001,0.999
6868529,0.12,0.36683333333333334,0.5131666666666667
6836709,0.003,0.03,0.967
6868506,0.005,0.065,0.93
6941712,0.079,0.234,0.687
6932760,0.049,0.177,0.774
6850191,0.1693,0.36819999999999997,0.4625
6878745,0.175,0.579,0.246
7094259,0.131,0.317,0.552
6831807,0.163,0.143,0.694
6891698,0.002,0.015,0.983
6923465,0.183,0.32866666666666666,0.48833333333333334
6899213,0.178,0.316,0.506
6923804,0.002,0.042,0.956
6918979,0.012,0.031,0.957
6862421,0.005,0.11,0.885
6900993,0.013,0.171,0.816
6861580,0.018,0.453,0.529
6906474,0.004,0.032,0.964
6847010,0.3785,0.3175,0.304
6817985,0.07,0.1245,0.8055
6879738,0.2445,0.451,0.3045
7169995,0.012,0.258,0.73
6901359,0.003,0.1,0.897
6837382,0.021,0.06566666666666665,0.9133333333333333
6874250,0.14486666666666667,0.5491333333333333,0.306
6886924,0.011,0.086,0.903
6894687,0.001,0.038,0.961
6937873,0.21415,0.292,0.49385
6852900,0.041,0.226,0.733
6929432,0.086,0.355,0.559
6844489,0.021,0.122,0.857
6844561,0.073,0.398,0.529
6933747,0.138,0.401,0.461
6940885,0.012,0.053,0.935
6873782,0.254,0.384,0.362
6882375,0.064,0.6,0.336
6878769,0.033,0.28,0.687
6827016,0.053,0.566,0.381
6820773,0.333,0.182,0.485
6921124,0.021,0.313,0.666
6817935,0.269,0.175,0.556
7144533,0.065,0.396,0.539
6813648,0.156,0.2355,0.6085
6834670,0.051,0.233,0.716
6878185,0.094,0.31716666666666665,0.5888333333333332
6923378,0.029,0.285,0.686
6932252,0.079,0.209,0.712
6857065,0.001,0.014,0.985
7169899,0.067,0.293,0.64
6887074,0.029,0.075,0.896
6849463,0.063,0.333,0.604
6934153,0.063,0.319,0.618
7116464,0.102,0.195,0.703
6897412,0.075,0.084,0.841
6925887,0.032,0.57,0.398
6848650,0.064,0.305,0.631
6818453,0.18466666666666667,0.33,0.48533333333333334
6943153,0.008,0.19,0.802
6946348,0.713,0.168,0.119
6878770,0.038,0.308,0.654
6827664,0.008,0.07058333333333335,0.9214166666666668
6922984,0.033,0.22,0.747
6864544,0.037,0.184,0.779
6931437,0.005,0.038,0.957
7171071,0.038,0.122,0.84
6908215,0.075,0.629,0.296
6813875,0.2038,0.3702,0.426
6845221,0.023,0.706,0.271
6900902,0.034,0.13,0.836
6925197,0.163,0.328,0.509
6850783,0.001,0.031,0.968
6869002,0.055,0.343,0.602
7172791,0.034,0.228,0.738
6936176,0.008,0.005,0.987
6839462,0.2265,0.3005,0.473
6828651,0.04633333333333334,0.402,0.5516666666666667
6912630,0.044,0.198,0.758
6925870,0.02,0.222,0.758
6823876,0.058,0.213,0.729
6932538,0.023,0.068,0.909
6905724,0.094,0.225,0.681
6872564,0.002,0.01,0.988
6821027,0.053,0.14,0.807
6943747,0.165,0.158,0.677
7150854,0.003,0.006,0.991
7140107,0.041,0.191,0.768
6925056,0.059,0.49,0.451
6908834,0.017,0.223,0.76
6841620,0.08,0.2305,0.6895
6927175,0.164,0.665,0.171
6911333,0.1375,0.3895,0.473
6936227,0.171,0.306,0.523
6935640,0.105,0.501,0.394
6901738,0.015,0.203,0.782
6849053,0.498,0.353,0.149
6879561,0.26,0.358,0.382
7166280,0.343,0.491,0.166
6889409,0.012,0.097,0.891
6898181,0.002,0.025,0.973
6881507,0.0,0.003,0.997
6895263,0.0,0.008,0.992
6830090,0.081,0.243,0.676
7215380,0.101,0.642,0.257
6817698,0.058,0.366,0.576
6906566,0.284,0.2911666666666667,0.4248333333333334
6894990,0.072,0.298,0.63
6873889,0.08033333333333333,0.8426666666666667,0.077
6879553,0.026,0.32733333333333337,0.6466666666666667
6878327,0.393,0.315,0.292
6907502,0.14,0.67,0.19
6913646,0.015,0.27,0.715
7300745,0.048,0.124,0.828
6839638,0.029,0.236,0.735
6856873,0.11,0.593,0.297
6855357,0.06,0.199,0.741
6899979,0.003,0.015,0.982
6908433,0.117,0.276,0.607
6907408,0.0,0.0,1.0
7170775,0.054,0.637,0.309
6894035,0.014,0.077,0.909
6847457,0.004,0.17,0.826
6846258,0.032,0.169,0.799
6833602,0.55,0.222,0.228
7113888,0.119,0.447,0.434
6896850,0.287,0.503,0.21
6874757,0.014,0.077,0.909
6818474,0.043,0.327,0.63
6902137,0.099,0.2576,0.6434
6870798,0.177,0.303,0.52
7127496,0.044,0.22025,0.73575
6902192,0.0885,0.4965,0.415
6881324,0.416,0.162,0.422
6928837,0.131,0.301,0.568
6882452,0.179,0.626,0.195
6828286,0.016,0.09058333333333335,0.8934166666666667
7126963,0.09484999999999999,0.27614999999999995,0.629
6862928,0.002,0.006,0.992
6822277,0.12033333333333333,0.1696666666666667,0.71
6889752,0.05,0.431,0.519
6861415,0.047,0.3005,0.6525
6812868,0.0785,0.61,0.3115
6937889,0.137,0.513,0.35
6935346,0.025,0.12675,0.84825
7282611,0.022,0.269,0.709
6936347,0.3,0.31,0.39
6824954,0.008,0.151,0.841
6892538,0.11,0.31433333333333335,0.5756666666666668
6928786,0.011,0.091,0.898
7164678,0.175,0.627,0.198
6889908,0.098,0.431,0.471
6913892,0.176,0.493,0.331
6837599,0.371,0.432,0.197
6925955,0.013,0.03,0.957
6833907,0.12459999999999999,0.6053999999999999,0.27
6874618,0.062,0.246,0.692
6877202,0.084,0.564,0.352
6928643,0.019,0.035,0.946
6904977,0.027,0.233,0.74
6890725,0.037,0.163,0.8
6821381,0.041,0.395,0.564
6876184,0.154,0.323,0.523
6900571,0.01,0.107,0.883
6885274,0.001,0.034,0.965
6839484,0.27191666666666664,0.3690833333333333,0.359
6940393,0.003,0.152,0.845
6947646,0.019,0.221,0.76
7171492,0.093,0.234,0.673
6929184,0.019,0.246,0.735
6890360,0.028,0.281,0.691
6857523,0.2055,0.3365,0.458
6913381,0.016,0.118,0.866
6849511,0.128,0.107,0.765
6877504,0.015,0.138,0.847
7140050,0.006,0.087,0.907
6821705,0.06,0.171,0.769
6828363,0.387,0.451,0.162
6834416,0.074,0.3082,0.6177999999999999
6930248,0.141,0.383,0.476
6859894,0.014,0.129,0.857
6812012,0.019,0.088,0.893
7163323,0.002,0.024,0.974
6842540,0.244,0.239,0.517
6868726,0.072,0.153,0.775
6941446,0.077,0.255,0.668
6870488,0.005,0.05,0.945
6839242,0.098,0.406,0.496
7218255,0.002,0.07,0.928
6934549,0.029,0.213,0.758
6889895,0.03633333333333333,0.08166666666666665,0.882
6825020,0.018,0.20613333333333334,0.7758666666666666
6894947,0.313,0.41,0.277
7140525,0.001,0.005,0.994
6911993,0.016,0.061,0.923
6824037,0.0585,0.17,0.7715
6882446,0.009,0.182,0.809
6902447,0.025,0.109,0.866
6931156,0.08333333333333333,0.2106666666666667,0.706
6857795,0.094,0.3295,0.5765
6831494,0.001,0.01,0.989
6853601,0.013,0.16,0.827
7098382,0.058,0.574,0.368
6896764,0.194,0.373,0.433
6852315,0.006,0.024,0.97
6879859,0.189,0.345,0.466
6823182,0.042,0.17733333333333332,0.7806666666666667
7186095,0.181,0.389,0.43
6888297,0.025,0.322,0.653
6862915,0.075,0.187,0.738
6876292,0.023,0.143,0.834
7125390,0.023,0.052,0.925
6894003,0.206,0.383,0.411
6882334,0.014,0.099,0.887
6902258,0.012,0.068,0.92
7202985,0.0,0.001,0.999
6854703,0.08,0.633,0.287
6867192,0.063,0.233,0.704
6891539,0.003,0.118,0.879
6944423,0.5334166666666668,0.234,0.2325833333333333
6828554,0.012,0.054,0.934
6909152,0.0675,0.7783333333333332,0.15416666666666667
6916377,0.0,0.001,0.999
6927731,0.06,0.265,0.675
7207035,0.025,0.203,0.772
6823232,0.091,0.15,0.759
6920352,0.11,0.467,0.423
6927006,0.171,0.46366666666666667,0.3653333333333334
6882569,0.007,0.043,0.95
6930250,0.163,0.4125,0.4245
6874927,0.007,0.067,0.926
6819605,0.023,0.233,0.744
6919792,0.015,0.208,0.777
6865137,0.003,0.485,0.512
7129277,0.051,0.349,0.6
6812483,0.003,0.042,0.955
6939010,0.05483333333333334,0.3321666666666666,0.613
6946483,0.022,0.391,0.587
6861585,0.037,0.158,0.805
6939744,0.053,0.278,0.669
6892611,0.048,0.333,0.619
6830977,0.679,0.166,0.155
7128814,0.001,0.042,0.957
6923434,0.055,0.329,0.616
6942315,0.062,0.213,0.725
6948509,0.412,0.232,0.356
6890231,0.004,0.065,0.931
6912207,0.01,0.166,0.824
6838584,0.026,0.163,0.811
6847995,0.045,0.258,0.697
6917463,0.05191666666666667,0.1980833333333333,0.75
6903844,0.004,0.106,0.89
7157390,0.033,0.42,0.547
6855342,0.109,0.143,0.748
6835231,0.106,0.33,0.564
6862121,0.001,0.002,0.997
6945521,0.131,0.439,0.43
6867420,0.01,0.137,0.853
6905101,0.051,0.505,0.444
6818496,0.096,0.323,0.581
6918925,0.026,0.226,0.748
7123427,0.224,0.30333333333333334,0.4726666666666667
6814336,0.10733333333333334,0.22566666666666668,0.667
6911832,0.0,0.043,0.957
6947977,0.073,0.399,0.528
6835357,0.003,0.008,0.989
